2.94117677352 18
4.4932142896496 150
6.0452518057792 895
7.5972893219088 2792
9.1493268380384 107286
10.701364354168 317908
12.2534018702976 230948
13.8054393864272 244920
15.3574769025568 67257
16.9095144186864 90708
18.461551934815997 112959
20.013589450945595 226602
21.565626967075197 230294
23.1176644832048 125909
24.669701999334396 218123
26.221739515463995 216632
27.773777031593596 124926
29.325814547723198 116490
30.877852063852796 92672
32.429889579982394 78440
33.981927096111995 72661
35.5339646122416 71565
37.08600212837119 66739
38.63803964450079 54064
40.190077160630395 40988
41.742114676759996 31017
43.2941521928896 26254
44.84618970901919 24679
46.398227225148794 21964
47.950264741278396 19962
49.50230225740799 19623
51.05433977353759 20976
52.60637728966719 21890
54.158414805796795 20910
55.7104523219264 17108
57.26248983805599 12209
58.81452735418559 8520
60.366564870315194 7270
61.91860238644479 6885
63.47063990257439 6432
65.02267741870399 6034
66.5747149348336 5058
68.1267524509632 3511
69.6787899670928 2085
71.23082748322238 1164
72.78286499935199 707
74.33490251548159 456
75.88694003161119 158
77.43897754774079 38
78.99101506387039 8
