0.739266482868 61
2.5729285649526394 2113
4.406590647037279 815371
6.240252729121918 250562
8.073914811206558 719611
9.907576893291198 1674891
11.741238975375838 1671381
13.574901057460478 1655568
15.408563139545118 1662463
17.242225221629756 1414845
19.075887303714396 1059698
20.909549385799036 644899
22.743211467883675 584073
24.576873549968315 272021
26.410535632052955 100409
28.244197714137595 49406
30.077859796222235 22697
31.911521878306875 11457
33.74518396039151 5215
35.57884604247615 2327
37.41250812456079 1579
39.24617020664543 2325
41.07983228873007 4255
42.91349437081471 7203
44.74715645289935 11440
46.58081853498399 16354
48.41448061706863 22707
50.24814269915327 28667
52.081804781237906 33947
53.91546686332255 38312
55.749128945407186 40338
57.58279102749183 39162
59.416453109576466 33626
61.2501151916611 25434
63.083777273745746 15834
64.9174393558304 8166
66.75110143791503 5287
68.58476351999967 4613
70.41842560208431 4411
72.25208768416896 4219
74.08574976625358 3798
75.91941184833823 3914
77.75307393042287 4216
79.58673601250752 3679
81.42039809459214 2518
83.25406017667679 1383
85.08772225876143 607
86.92138434084607 163
88.7550464229307 34
90.58870850501535 1
