0.39487781131899996 1618
2.44317270229262 18812
4.49146759326624 85054
6.539762484239859 272908
8.58805737521348 542937
10.636352266187101 774680
12.68464715716072 1239092
14.73294204813434 993209
16.78123693910796 1092455
18.829531830081578 1299462
20.8778267210552 1316964
22.92612161202882 669021
24.974416503002438 294946
27.02271139397606 164769
29.07100628494968 124210
31.1193011759233 110418
33.16759606689692 87788
35.21589095787054 74165
37.26418584884416 75157
39.31248073981778 82164
41.3607756307914 94983
43.40907052176502 113717
45.45736541273864 118578
47.50566030371226 120087
49.55395519468588 115493
51.6022500856595 103129
53.65054497663312 90809
55.69883986760674 81384
57.74713475858036 74007
59.79542964955398 67819
61.8437245405276 59991
63.89201943150122 52440
65.94031432247485 44173
67.98860921344847 36069
70.03690410442209 30266
72.08519899539571 25213
74.13349388636932 18902
76.18178877734294 12181
78.23008366831657 5853
80.27837855929019 2584
82.32667345026381 1210
84.37496834123743 555
86.42326323221104 220
88.47155812318466 49
90.51985301415829 23
92.56814790513191 8
94.61644279610553 21
96.66473768707915 9
98.71303257805276 7
100.76132746902638 3
