1.0506131649017334 0.0 1.0 0.0
3.5506131649017334 0.0 1.0 0.0
6.050613164901733 0.0 1.0 0.0
8.550613164901733 0.0 1.0 0.0
11.050613164901733 0.0 0.286983976268 19.673989133
13.550613164901733 0.0 0.388675827543 39.3746458215
16.050613164901733 0.0 0.44085588405 68.8656288543
18.550613164901733 0.0 0.253576597098 89.1363045435
21.050613164901733 6.924368925826169e-306 0.220736756335 94.3898129938
23.550613164901733 1.9034722480213636e-238 0.194867328937 97.4499149972
26.050613164901733 1.0281741780311167e-216 0.185164805971 98.7566252208
28.550613164901733 5.191658512580635e-115 0.134482916055 99.8666622221
31.050613164901733 4.288988109925807e-109 0.129723406003 99.5599853328
33.55061316490173 2.588672499681848e-109 0.12985334052 100.0
36.05061316490173 3.047810279614655e-41 0.0788647260582 99.9399979999
38.55061316490173 2.925572146261778e-25 0.0599543093261 100.0
41.05061316490173 1.7797894907065306e-43 0.0798249557204 100.0
43.55061316490173 0.0013627319170052305 0.0184895491134 100.0
46.05061316490173 1.0 0.0 99.9799993333
48.55061316490173 1.0 0.0 100.0
51.05061316490173 1.0 0.0 100.0
53.55061316490173 1.0 0.0 100.0
56.05061316490173 1.0 0.0 100.0
58.55061316490173 1.0 0.0 100.0
