1.120154857635498 0.0 1.0 0.0
3.620154857635498 0.0 1.0 0.0
6.120154857635498 0.0 1.0 0.0
8.620154857635498 0.0 1.0 0.0
11.120154857635498 2.085914977534595e-194 0.173042737564 6.25354178473
13.620154857635498 0.0 0.310127800417 24.5541518051
16.120154857635498 0.0 0.38351008591 60.8986966232
18.620154857635498 0.0 0.417632342781 88.4229474316
21.120154857635498 0.0 0.254037959908 94.5464848828
23.620154857635498 0.0 0.27752808217 96.1832061069
26.120154857635498 6.722306896340777e-97 0.122985548938 98.4199473316
28.620154857635498 2.1291990430850664e-24 0.058850729048 99.4899829994
31.120154857635498 1.0 0.0 99.8666622221
33.6201548576355 1.0 0.0 99.9766658889
36.1201548576355 1.0 0.0 99.9833327778
38.6201548576355 1.0 0.0 99.9833327778
41.1201548576355 1.0 0.0 100.0
43.6201548576355 1.0 0.0 100.0
46.1201548576355 1.0 0.0 100.0
48.6201548576355 1.0 0.0 100.0
51.1201548576355 1.0 0.0 100.0
