1244.34675397 2
1245.9728888951 0
1247.5990238202 2
1249.2251587453 3
1250.8512936704 7
1252.4774285955 9
1254.1035635206001 12
1255.7296984457 15
1257.3558333708 37
1258.9819682959 45
1260.608103221 64
1262.2342381461 75
1263.8603730712 94
1265.4865079963 111
1267.1126429214 134
1268.7387778465 131
1270.3649127716 162
1271.9910476967 167
1273.6171826218 201
1275.2433175469 222
1276.869452472 218
1278.4955873971 248
1280.1217223222 251
1281.7478572473 224
1283.3739921724 258
1285.0001270975 279
1286.6262620226 249
1288.2523969477 247
1289.8785318728 308
1291.5046667979 315
1293.130801723 311
1294.7569366481 361
1296.3830715732 368
1298.0092064983 363
1299.6353414234 384
1301.2614763485 388
1302.8876112736 390
1304.5137461987001 397
1306.1398811238 441
1307.7660160489 437
1309.392150974 415
1311.0182858991 462
1312.6444208242 402
1314.2705557493 499
1315.8966906744 422
1317.5228255995 403
1319.1489605246 432
1320.7750954497 412
1322.4012303748 388
1324.0273652999 385
1325.653500225 382
1327.2796351501 347
1328.9057700752 362
1330.5319050003 307
1332.1580399254 308
1333.7841748505 300
1335.4103097756001 276
1337.0364447007 258
1338.6625796258 262
1340.2887145509 243
1341.914849476 177
1343.5409844011 195
1345.1671193262 201
1346.7932542513 168
1348.4193891764 165
1350.0455241015 133
1351.6716590266 112
1353.2977939517 101
1354.9239288768001 109
1356.5500638019 93
1358.176198727 81
1359.8023336521 70
1361.4284685772 71
1363.0546035023 58
1364.6807384274 37
1366.3068733525001 44
1367.9330082776 38
1369.5591432027 28
1371.1852781278 32
1372.8114130529 19
1374.437547978 24
1376.0636829031 17
1377.6898178282 13
1379.3159527533 20
1380.9420876784 6
1382.5682226035 16
1384.1943575286 7
1385.8204924537 3
1387.4466273788 3
1389.0727623039 2
1390.698897229 3
1392.3250321541 2
1393.9511670792 2
1395.5773020043 1
1397.2034369294001 2
1398.8295718545 2
1400.4557067796 0
1402.0818417047 0
1403.7079766298 0
1405.3341115549001 2
