1254.23786805 1
1255.6240137162001 0
1257.0101593824002 0
1258.3963050486002 1
1259.7824507148 3
1261.168596381 6
1262.5547420472 4
1263.9408877134001 4
1265.3270333796002 5
1266.7131790458002 11
1268.099324712 11
1269.4854703782 14
1270.8716160444 23
1272.2577617106 33
1273.6439073768001 45
1275.0300530430002 50
1276.4161987092 61
1277.8023443754 76
1279.1884900416 65
1280.5746357078 90
1281.9607813740001 83
1283.3469270402002 120
1284.7330727064 136
1286.1192183726 159
1287.5053640388 149
1288.891509705 165
1290.2776553712001 204
1291.6638010374002 196
1293.0499467036002 239
1294.4360923698 220
1295.822238036 261
1297.2083837022 256
1298.5945293684001 238
1299.9806750346002 284
1301.3668207008002 284
1302.752966367 287
1304.1391120332 317
1305.5252576994 296
1306.9114033656 304
1308.2975490318001 326
1309.6836946980002 318
1311.0698403642 293
1312.4559860304 280
1313.8421316966 305
1315.2282773628 318
1316.6144230290001 283
1318.0005686952002 312
1319.3867143614002 284
1320.7728600276 267
1322.1590056938 271
1323.54515136 254
1324.9312970262001 274
1326.3174426924002 240
1327.7035883586 248
1329.0897340248 231
1330.475879691 242
1331.8620253572 218
1333.2481710234001 214
1334.6343166896002 193
1336.0204623558002 216
1337.406608022 199
1338.7927536882 193
1340.1788993544 180
1341.5650450206 174
1342.9511906868001 176
1344.3373363530002 149
1345.7234820192 127
1347.1096276854 132
1348.4957733516 116
1349.8819190178 103
1351.2680646840001 80
1352.6542103502002 105
1354.0403560164 105
1355.4265016826 82
1356.8126473488 75
1358.198793015 58
1359.5849386812001 47
1360.9710843474002 63
1362.3572300136002 44
1363.7433756798 39
1365.129521346 36
1366.5156670122 29
1367.9018126784001 29
1369.2879583446002 23
1370.6741040108002 25
1372.060249677 13
1373.4463953432 8
1374.8325410094 11
1376.2186866756 5
1377.6048323418001 7
1378.9909780080002 7
1380.3771236742 4
1381.7632693404 4
1383.1494150066 3
1384.5355606728 0
1385.9217063390001 2
1387.3078520052002 2
1388.6939976714002 1
1390.0801433376 1
1391.4662890038 2
