0.0 54702
2.08072766344 209
4.16145532688 113250
6.24218299032 15807
8.32291065376 366775
10.403638317199999 630502
12.48436598064 330902
14.56509364408 356291
16.64582130752 434436
18.72654897096 437616
20.807276634399997 441194
22.88800429784 252951
24.96873196128 157571
27.049459624719997 120448
29.13018728816 42657
31.210914951599996 36794
33.29164261504 34511
35.37237027848 29976
37.45309794192 27623
39.53382560535999 26220
41.614553268799995 23518
43.695280932239996 21192
45.77600859568 19682
47.85673625912 18710
49.93746392256 17880
52.01819158599999 18286
54.098919249439994 19735
56.179646912879996 21563
58.26037457632 21682
60.34110223976 21676
62.42182990319999 20242
64.50255756664 17108
66.58328523008 12810
68.66401289352 9555
70.74474055696 6955
72.8254682204 5775
74.90619588384 5348
76.98692354728 5153
79.06765121071999 4762
81.14837887415999 3605
83.22910653759999 2355
85.30983420103999 1572
87.39056186447999 1159
89.47128952791999 721
91.55201719136 373
93.6327448548 134
95.71347251824 44
97.79420018168 13
99.87492784512 9
101.95565550855999 2
