0.7469251648019999 1720
3.70085658486596 29760
6.6547880049299195 136489
9.60871942499388 1461446
12.56265084505784 1553998
15.5165822651218 1760625
18.47051368518576 1376093
21.42444510524972 1121886
24.37837652531368 841264
27.33230794537764 451809
30.2862393654416 574874
33.24017078550556 421437
36.19410220556952 309892
39.14803362563348 255604
42.10196504569744 210534
45.0558964657614 175786
48.00982788582536 141892
50.96375930588932 112783
53.91769072595328 95464
56.87162214601724 87649
59.8255535660812 81599
62.77948498614516 74260
65.73341640620912 63148
68.68734782627307 54513
71.64127924633704 43119
74.59521066640099 32157
77.54914208646495 24085
80.5030735065289 18876
83.45700492659287 14290
86.41093634665683 10621
89.36486776672079 7867
92.31879918678474 6150
95.27273060684871 5342
98.22666202691268 4827
101.18059344697663 4420
104.1345248670406 4445
107.08845628710455 4864
110.04238770716852 4854
112.99631912723247 4720
115.95025054729643 3935
118.90418196736039 2996
121.85811338742435 2232
124.8120448074883 1280
127.76597622755227 670
130.71990764761625 335
133.6738390676802 134
136.62777048774416 46
139.5817019078081 17
142.5356333278721 9
145.48956474793604 8
