0.7469251648019999 272
2.4608671555159596 2502
4.1748091462299195 11316
5.888751136943879 33149
7.602693127657839 60713
9.3166351183718 642215
11.03057710908576 620144
12.74451909979972 916645
14.45846109051368 551862
16.17240308122764 947787
17.886345071941598 796307
19.60028706265556 532352
21.31422905336952 628981
23.02817104408348 387153
24.74211303479744 311911
26.4560550255114 232506
28.16999701622536 104634
29.88393900693932 92378
31.597880997653277 245433
33.31182298836724 126133
35.025764979081195 66021
36.73970696979516 62162
38.45364896050912 55030
40.167590951223076 45080
41.88153294193704 34923
43.595474932651 26424
45.30941692336496 20842
47.02335891407892 15311
48.73730090479288 10917
50.45124289550684 7380
52.1651848862208 4880
53.879126876934755 2942
55.59306886764872 1739
57.30701085836268 1166
59.020952849076636 917
60.7348948397906 793
62.448836830504554 589
64.16277882121851 442
65.87672081193247 356
67.59066280264643 312
69.30460479336038 313
71.01854678407435 255
72.73248877478831 130
74.44643076550227 106
76.16037275621623 73
77.8743147469302 30
79.58825673764414 19
81.3021987283581 21
83.01614071907207 9
84.73008270978603 3
