4.2809247074000005 8
5.8153712016800005 74
7.349817695960001 402
8.88426419024 55951
10.41871068452 59388
11.953157178800002 65023
13.48760367308 179121
15.02205016736 23059
16.55649666164 30356
18.09094315592 33107
19.6253896502 90296
21.15983614448 41346
22.69428263876 103326
24.22872913304 60033
25.76317562732 128328
27.2976221216 87072
28.83206861588 91187
30.36651511016 83301
31.900961604440003 72254
33.43540809872 60025
34.969854593 52240
36.50430108728 45901
38.03874758156 38860
39.57319407584001 31478
41.10764057012 23230
42.6420870644 16224
44.176533558680006 11849
45.71098005296 8820
47.24542654724 7115
48.779873041520005 5827
50.314319535799996 4815
51.84876603008 4416
53.383212524360005 4820
54.917659018639995 4024
56.45210551292 2969
57.986552007200004 1806
59.52099850148001 1109
61.05544499576 705
62.58989149004 581
64.12433798432001 436
65.6587844786 282
67.19323097288 196
68.72767746716 117
70.26212396144001 91
71.79657045572 43
73.33101695 25
74.86546344428001 10
76.39990993856 6
77.93435643284 2
79.46880292712001 2
