0.142893618682 172
2.6712722987083604 968
5.19965097873472 2325
7.72802965876108 61153
10.256408338787441 195625
12.784787018813802 225046
15.31316569884016 107358
17.84154437886652 161513
20.36992305889288 282343
22.89830173891924 350631
25.4266804189456 411040
27.95505909897196 401275
30.48343777899832 339921
33.011816459024686 257908
35.54019513905104 204589
38.06857381907741 152304
40.596952499103764 99978
43.12533117913012 68805
45.653709859156486 54380
48.18208853918284 47479
50.71046721920921 43642
53.238845899235564 40347
55.76722457926193 30916
58.295603259288285 21875
60.82398193931464 15736
63.352360619341006 11806
65.88073929936736 7634
68.40911797939371 4599
70.93749665942008 3105
73.46587533944644 3222
75.9942540194728 3804
78.52263269949916 4627
81.05101137952552 5784
83.57939005955188 6977
86.10776873957823 7542
88.6361474196046 7479
91.16452609963096 6764
93.69290477965733 5329
96.22128345968368 3899
98.74966213971004 2538
101.2780408197364 1310
103.80641949976275 617
106.33479817978912 318
108.86317685981548 195
111.39155553984185 75
113.9199342198682 37
116.44831289989456 24
118.97669157992092 10
121.50507025994727 7
124.03344893997364 3
