1.064328908920288 0.0 1.0 0.0
3.564328908920288 0.0 1.0 0.0
6.064328908920288 0.0 1.0 0.0
8.564328908920288 0.0 1.0 0.0
11.064328908920288 0.0 1.0 0.0
13.564328908920288 0.0 0.311078918675 17.1772392413
16.064328908920288 0.0 0.443098110654 46.6248874962
18.564328908920288 0.0 0.450290503521 62.8120937365
21.064328908920288 0.0 0.331010911122 82.5694189806
23.564328908920288 0.0 0.253046704727 87.9929330978
26.064328908920288 0.0 0.306662821344 96.1432047735
28.564328908920288 0.0 0.244653876988 97.8699289976
31.064328908920288 6.11199163141022e-181 0.168080208185 98.00660022
33.56432890892029 2.0131695229630575e-174 0.163927851936 99.1333044435
36.06432890892029 7.574145447682682e-29 0.0668245596749 99.2166405547
38.56432890892029 2.991222521117639e-26 0.0637482132752 99.8133271109
41.06432890892029 0.48697531402693484 0.00401338819494 99.7966598887
43.56432890892029 6.453210160681974e-33 0.0689974213368 99.9899996667
46.06432890892029 4.751096676421784e-19 0.051488517186 100.0
48.56432890892029 0.0002200268886347719 0.021332513601 100.0
51.06432890892029 1.0 0.0 99.9766658889
53.56432890892029 1.0 0.0 100.0
56.06432890892029 1.0 0.0 100.0
58.56432890892029 1.0 0.0 100.0
61.06432890892029 1.0 0.0 100.0
63.56432890892029 1.0 0.0 100.0
