621.357520082 3
622.65563730076 3
623.95375451952 4
625.25187173828 12
626.54998895704 11
627.8481061758 24
629.1462233945599 30
630.4443406133199 39
631.7424578320799 48
633.04057505084 52
634.3386922696 55
635.63680948836 71
636.93492670712 95
638.23304392588 107
639.53116114464 117
640.8292783633999 135
642.1273955821599 148
643.4255128009199 150
644.72363001968 135
646.02174723844 149
647.3198644572 154
648.61798167596 162
649.91609889472 185
651.21421611348 212
652.51233333224 194
653.810450551 176
655.1085677697599 196
656.4066849885199 196
657.70480220728 208
659.00291942604 214
660.3010366448 212
661.59915386356 205
662.89727108232 240
664.19538830108 212
665.49350551984 240
666.7916227385999 241
668.0897399573599 251
669.38785717612 292
670.68597439488 307
671.98409161364 273
673.2822088324 280
674.58032605116 263
675.87844326992 238
677.17656048868 275
678.47467770744 273
679.7727949262 238
681.07091214496 239
682.36902936372 254
683.66714658248 214
684.96526380124 237
686.26338102 234
687.56149823876 238
688.85961545752 246
690.15773267628 256
691.45584989504 247
692.7539671138 257
694.05208433256 257
695.35020155132 274
696.64831877008 273
697.94643598884 279
699.2445532076 285
700.54267042636 298
701.84078764512 314
703.13890486388 275
704.43702208264 282
705.7351393014001 303
707.03325652016 262
708.33137373892 263
709.62949095768 255
710.92760817644 241
712.2257253952 227
713.52384261396 200
714.82195983272 198
716.12007705148 162
717.4181942702401 149
718.716311489 113
720.01442870776 125
721.31254592652 98
722.61066314528 93
723.90878036404 62
725.2068975828 63
726.50501480156 51
727.80313202032 46
729.1012492390801 35
730.3993664578401 24
731.6974836766001 17
732.99560089536 17
734.29371811412 11
735.59183533288 11
736.88995255164 5
738.1880697704 4
739.48618698916 3
740.7843042079201 3
742.0824214266801 0
743.3805386454401 0
744.6786558642 2
745.9767730829601 0
747.27489030172 0
748.57300752048 1
749.87112473924 1
