0.9720172882080078 0.0 1.0 0.0
3.472017288208008 0.0 1.0 0.0
5.972017288208008 0.0 1.0 0.0
8.472017288208008 0.0 1.0 0.0
10.972017288208008 0.4699181216464514 0.00417207347864 3.81346044868
13.472017288208008 0.0 0.299031338951 29.767658922
15.972017288208008 0.0 0.446293755882 65.478849295
18.472017288208008 0.0 0.299688723115 89.2929764325
20.972017288208008 0.0 0.316842614499 94.2398079936
23.472017288208008 4.758308592355041e-172 0.166422650957 96.6465548852
25.972017288208008 3.003417955898416e-70 0.107637020859 98.5966198873
28.472017288208008 6.467226531292452e-23 0.0615889655425 98.393279776
30.972017288208008 6.810313632965288e-22 0.0592868837686 99.6866562219
33.47201728820801 9.806896765907932e-21 0.0554212575468 99.9266642221
35.97201728820801 6.852245305271567e-13 0.0414680170882 99.9633321111
38.47201728820801 0.0006365079979080375 0.0197200785952 99.8866628888
40.97201728820801 0.011048810188257572 0.0146715882851 99.9866662222
43.47201728820801 1.0 0.0 99.9399979999
45.97201728820801 1.0 0.0 99.9966665556
48.47201728820801 1.0 0.0 100.0
50.97201728820801 1.0 0.0 100.0
53.47201728820801 1.0 0.0 100.0
55.97201728820801 1.0 0.0 100.0
