766.9816948819998 1
768.5429268639898 1
770.1041588459798 1
771.6653908279699 3
773.2266228099598 3
774.7878547919498 5
776.3490867739398 4
777.9103187559299 10
779.4715507379199 17
781.0327827199098 15
782.5940147018998 14
784.1552466838899 21
785.7164786658799 31
787.2777106478699 33
788.8389426298598 33
790.4001746118498 41
791.9614065938399 51
793.5226385758299 49
795.0838705578199 66
796.6451025398098 85
798.2063345217999 112
799.7675665037899 98
801.3287984857799 89
802.8900304677699 117
804.45126244976 156
806.0124944317499 180
807.5737264137399 181
809.1349583957299 210
810.6961903777199 230
812.25742235971 277
813.8186543416999 276
815.3798863236899 312
816.9411183056799 331
818.50235028767 384
820.06358226966 381
821.6248142516499 412
823.1860462336399 366
824.7472782156299 414
826.30851019762 422
827.86974217961 476
829.4309741615999 482
830.99220614359 502
832.55343812558 500
834.11467010757 539
835.6759020895599 494
837.2371340715499 505
838.79836605354 493
840.35959803553 500
841.92083001752 532
843.4820619995099 482
845.0432939815 463
846.60452596349 430
848.16575794548 440
849.72698992747 411
851.2882219094599 417
852.84945389145 359
854.41068587344 325
855.97191785543 294
857.53314983742 293
859.09438181941 274
860.6556138014 294
862.21684578339 258
863.77807776538 204
865.33930974737 225
866.90054172936 192
868.46177371135 180
870.02300569334 133
871.5842376753301 146
873.1454696573201 127
874.70670163931 100
876.2679336213 94
877.82916560329 86
879.3903975852801 68
880.9516295672701 49
882.51286154926 63
884.07409353125 47
885.6353255132401 32
887.1965574952301 39
888.7577894772201 24
890.31902145921 31
891.8802534412 12
893.4414854231901 15
895.0027174051801 16
896.56394938717 8
898.12518136916 8
899.6864133511501 9
901.2476453331401 4
902.8088773151301 5
904.37010929712 7
905.93134127911 3
907.4925732611001 2
909.0538052430901 6
910.6150372250801 3
912.1762692070702 1
913.7375011890601 2
915.2987331710501 1
916.8599651530401 0
918.4211971350301 1
919.98242911702 0
921.5436610990101 1
