762.189997908 1
763.8143799099701 0
765.43876191194 1
767.06314391391 4
768.68752591588 4
770.31190791785 3
771.93628991982 1
773.56067192179 15
775.18505392376 12
776.80943592573 14
778.4338179277 27
780.05819992967 23
781.68258193164 39
783.3069639336101 35
784.93134593558 40
786.55572793755 46
788.18010993952 66
789.80449194149 67
791.42887394346 65
793.05325594543 61
794.6776379474001 76
796.30201994937 97
797.92640195134 111
799.55078395331 128
801.17516595528 120
802.7995479572501 152
804.42392995922 164
806.04831196119 207
807.67269396316 200
809.29707596513 236
810.9214579671 205
812.54583996907 274
814.1702219710401 283
815.79460397301 297
817.41898597498 315
819.04336797695 321
820.66774997892 324
822.29213198089 314
823.91651398286 326
825.5408959848301 341
827.1652779868 344
828.78965998877 350
830.41404199074 359
832.03842399271 343
833.66280599468 356
835.28718799665 310
836.91156999862 335
838.53595200059 347
840.16033400256 304
841.78471600453 294
843.4090980065 326
845.0334800084701 307
846.65786201044 284
848.28224401241 262
849.90662601438 277
851.53100801635 246
853.1553900183201 237
854.77977202029 197
856.4041540222601 205
858.02853602423 201
859.6529180262 168
861.27730002817 190
862.90168203014 173
864.5260640321101 140
866.15044603408 122
867.77482803605 107
869.39921003802 101
871.02359203999 106
872.64797404196 97
874.27235604393 94
875.8967380459001 80
877.52112004787 65
879.14550204984 56
880.76988405181 66
882.39426605378 56
884.01864805575 59
885.64303005772 32
887.2674120596901 35
888.89179406166 38
890.51617606363 26
892.1405580656001 20
893.76494006757 22
895.38932206954 22
897.01370407151 19
898.63808607348 15
900.26246807545 11
901.88685007742 8
903.5112320793901 9
905.13561408136 5
906.7599960833301 4
908.3843780853 3
910.00876008727 5
911.63314208924 2
913.25752409121 2
914.8819060931801 1
916.50628809515 1
918.1306700971201 0
919.75505209909 0
921.37943410106 0
923.00381610303 1
