967.6944170219999 4
969.0545920659799 1
970.4147671099599 1
971.77494215394 3
973.13511719792 3
974.4952922419 12
975.85546728588 10
977.21564232986 8
978.57581737384 24
979.9359924178199 16
981.2961674617999 29
982.6563425057799 38
984.0165175497599 36
985.3766925937399 57
986.7368676377199 57
988.0970426816999 82
989.4572177256799 64
990.8173927696599 88
992.1775678136399 99
993.53774285762 107
994.8979179016 103
996.25809294558 118
997.61826798956 124
998.97844303354 149
1000.33861807752 146
1001.6987931214999 129
1003.0589681654799 166
1004.4191432094599 174
1005.7793182534399 215
1007.1394932974199 217
1008.4996683413999 234
1009.8598433853799 244
1011.2200184293599 259
1012.5801934733399 250
1013.9403685173199 328
1015.3005435613 298
1016.66071860528 306
1018.02089364926 340
1019.38106869324 414
1020.74124373722 439
1022.1014187812 403
1023.46159382518 426
1024.82176886916 425
1026.18194391314 461
1027.54211895712 432
1028.9022940011 489
1030.26246904508 473
1031.62264408906 456
1032.98281913304 472
1034.34299417702 459
1035.7031692209998 461
1037.0633442649798 454
1038.4235193089598 469
1039.7836943529398 414
1041.1438693969199 401
1042.5040444408999 428
1043.8642194848799 376
1045.2243945288599 383
1046.5845695728399 308
1047.94474461682 315
1049.3049196608 316
1050.66509470478 283
1052.02526974876 274
1053.38544479274 240
1054.74561983672 205
1056.1057948807 216
1057.46596992468 180
1058.82614496866 160
1060.18632001264 163
1061.54649505662 137
1062.9066701006 121
1064.26684514458 99
1065.62702018856 86
1066.98719523254 93
1068.34737027652 74
1069.7075453205 52
1071.06772036448 61
1072.42789540846 44
1073.78807045244 34
1075.14824549642 21
1076.5084205404 26
1077.86859558438 19
1079.22877062836 12
1080.5889456723398 10
1081.9491207163198 14
1083.3092957602998 5
1084.6694708042799 7
1086.0296458482599 5
1087.3898208922399 3
1088.7499959362199 3
1090.1101709801999 2
1091.47034602418 6
1092.83052106816 3
1094.19069611214 0
1095.55087115612 4
1096.9110462001 0
1098.27122124408 0
1099.63139628806 0
1100.99157133204 0
1102.35174637602 1
