967.022613245 1
968.48576598465 0
969.9489187243 1
971.41207146395 2
972.8752242036 2
974.33837694325 0
975.8015296829 4
977.26468242255 5
978.7278351622 5
980.19098790185 9
981.6541406415 16
983.11729338115 24
984.5804461208 26
986.04359886045 37
987.5067516001 54
988.96990433975 55
990.4330570794 76
991.89620981905 91
993.3593625587 97
994.82251529835 82
996.285668038 139
997.74882077765 136
999.2119735173 169
1000.67512625695 185
1002.1382789966 204
1003.60143173625 218
1005.0645844759 205
1006.52773721555 209
1007.9908899552 241
1009.45404269485 237
1010.9171954345 243
1012.38034817415 253
1013.8435009138 259
1015.30665365345 256
1016.7698063931 270
1018.23295913275 277
1019.6961118724 311
1021.15926461205 311
1022.6224173517 317
1024.08557009135 342
1025.548722831 341
1027.01187557065 363
1028.4750283102999 335
1029.93818104995 345
1031.4013337896 383
1032.86448652925 344
1034.3276392689 374
1035.79079200855 338
1037.2539447482 324
1038.71709748785 302
1040.1802502275 315
1041.64340296715 298
1043.1065557068 284
1044.56970844645 263
1046.0328611861 250
1047.49601392575 224
1048.9591666654 232
1050.42231940505 220
1051.8854721447 191
1053.34862488435 173
1054.811777624 151
1056.27493036365 157
1057.7380831033 146
1059.20123584295 140
1060.6643885826 132
1062.12754132225 133
1063.5906940619 138
1065.05384680155 88
1066.5169995412 86
1067.98015228085 79
1069.4433050205 85
1070.90645776015 72
1072.3696104998 66
1073.83276323945 55
1075.2959159791 61
1076.75906871875 42
1078.2222214583999 29
1079.6853741980499 36
1081.1485269377 26
1082.61167967735 22
1084.074832417 11
1085.53798515665 11
1087.0011378963 23
1088.46429063595 8
1089.9274433756 10
1091.39059611525 10
1092.8537488549 9
1094.31690159455 4
1095.7800543342 3
1097.24320707385 2
1098.7063598135 6
1100.16951255315 3
1101.6326652928 5
1103.09581803245 0
1104.5589707720999 1
1106.02212351175 3
1107.4852762514 0
1108.94842899105 0
1110.4115817307 1
1111.87473447035 1
