621.345513926 2
622.5693649651199 1
623.79321600424 3
625.0170670433599 1
626.24091808248 6
627.4647691215999 7
628.68862016072 12
629.91247119984 14
631.13632223896 17
632.36017327808 17
633.5840243172 19
634.80787535632 23
636.03172639544 18
637.25557743456 25
638.47942847368 34
639.7032795128 43
640.92713055192 61
642.15098159104 58
643.37483263016 76
644.59868366928 94
645.8225347084 90
647.04638574752 126
648.27023678664 137
649.4940878257601 163
650.71793886488 175
651.9417899040001 181
653.16564094312 193
654.38949198224 211
655.61334302136 227
656.83719406048 234
658.0610450996 247
659.28489613872 244
660.5087471778401 237
661.73259821696 224
662.9564492560801 261
664.1803002952 266
665.4041513343201 267
666.62800237344 266
667.8518534125601 275
669.07570445168 260
670.2995554908 281
671.5234065299201 278
672.74725756904 293
673.9711086081601 305
675.19495964728 269
676.4188106864001 286
677.64266172552 332
678.8665127646401 333
680.09036380376 329
681.3142148428801 328
682.5380658820001 300
683.76191692112 331
684.9857679602401 354
686.20961899936 317
687.4334700384801 252
688.6573210776 265
689.8811721167201 310
691.1050231558401 305
692.3288741949601 265
693.5527252340801 270
694.7765762732001 259
696.0004273123201 221
697.2242783514401 227
698.4481293905601 229
699.6719804296802 232
700.8958314688001 231
702.1196825079201 193
703.3435335470401 164
704.5673845861601 205
705.7912356252801 196
707.0150866644001 172
708.2389377035202 181
709.4627887426401 163
710.6866397817602 145
711.9104908208801 115
713.1343418600002 99
714.3581928991201 102
715.5820439382401 98
716.8058949773601 93
718.0297460164801 79
719.2535970556002 87
720.4774480947201 64
721.7012991338402 44
722.9251501729601 51
724.1490012120802 47
725.3728522512001 28
726.5967032903202 29
727.8205543294401 24
729.0444053685601 18
730.2682564076802 10
731.4921074468002 16
732.7159584859202 12
733.9398095250401 5
735.1636605641602 1
736.3875116032801 3
737.6113626424002 4
738.8352136815201 2
740.0590647206402 1
741.2829157597602 0
742.5067667988802 2
