BMS_DHS CSN1 CSN1 8.87385 2.45803 1.50 17.11 7.72769 1.99046 1.49 12.57 6.27
BMS_DHS CSN1 CSN2 12.7584 3.53571 2.73 22.20 11.1818 2.69157 1.94 17.73 11.04
BMS_DHS CSN1 CSN3 13.0608 4.04349 2.08 28.25 13.9596 5.56723 1.97 31.44 16.47
BMS_DHS CSN1 CSN8 14.891 6.11735 3.37 49.10 15.0326 5.37691 1.66 35.03 16.66
BMS_DHS CSN2 CSN2 8.75421 2.89031 1.88 19.31 9.73691 2.62771 1.50 20.39 8.38
BMS_DHS CSN2 CSN3 11.2923 3.21353 2.84 22.43 11.7229 2.61297 2.03 23.43 16.72
BMS_DHS CSN2 CSN8 17.119 4.58107 3.50 37.51 14.7893 4.05497 2.52 29.32 20.66
BMS_DHS CSN3 CSN3 6.56303 2.25493 1.00 18.19 6.46917 2.73216 1.53 20.02 11.70
BMS_DHS CSN3 CSN8 15.9295 5.19441 3.71 38.53 13.1556 4.63572 2.46 40.68 30.70
BMS_DHS CSN4 CSN1 15.4727 4.6854 2.74 40.79 12.1244 3.17437 2.83 24.58 12.88
BMS_DHS CSN4 CSN2 15.9392 3.78796 2.95 32.86 12.1711 3.68745 2.94 27.38 11.75
BMS_DHS CSN4 CSN3 13.5109 4.15336 2.73 30.03 9.88516 2.50266 1.68 22.91 15.37
BMS_DHS CSN4 CSN4 8.29238 2.07261 2.11 15.44 6.42644 2.20302 0.85 16.14 8.78
BMS_DHS CSN4 CSN5 14.6628 3.16344 1.81 25.78 10.3139 3.2806 2.99 21.87 13.13
BMS_DHS CSN4 CSN6 22.3276 6.40091 2.65 33.69 13.225 5.52788 2.99 33.94 29.24
BMS_DHS CSN4 CSN7 13.5803 4.01508 4.53 33.87 9.87854 2.73481 2.33 21.99 17.82
BMS_DHS CSN4 CSN8 13.8126 4.96003 3.29 57.81 11.9877 3.59374 1.53 27.10 11.33
BMS_DHS CSN5 CSN1 10.7015 3.0674 2.24 20.38 9.6496 1.99531 1.47 20.04 11.17
BMS_DHS CSN5 CSN2 11.992 2.40371 2.06 23.16 11.1933 2.80417 1.60 21.39 16.02
BMS_DHS CSN5 CSN3 9.83666 3.1818 1.93 22.50 9.51281 2.91827 1.61 27.76 14.91
BMS_DHS CSN5 CSN5 3.13542 1.00161 0.63 6.10 2.37786 0.550207 0.75 4.39 3.03
BMS_DHS CSN5 CSN6 12.4774 5.05548 1.66 22.33 9.8056 3.77907 1.67 22.21 16.22
BMS_DHS CSN5 CSN7 16.7728 6.04221 2.14 40.62 9.58789 4.45262 1.82 27.23 11.54
BMS_DHS CSN5 CSN8 12.4242 4.09115 2.91 31.08 11.5133 4.59942 1.65 32.09 17.35
BMS_DHS CSN6 CSN1 12.5433 3.96499 1.90 28.16 11.9035 3.50742 1.52 22.32 17.16
BMS_DHS CSN6 CSN2 13.843 3.75196 2.39 25.57 12.8766 4.53811 1.93 25.85 24.61
BMS_DHS CSN6 CSN3 10.9592 3.09958 2.12 23.83 12.5747 3.70626 3.02 29.71 22.80
BMS_DHS CSN6 CSN6 6.04451 1.57728 1.42 12.43 6.56749 2.07826 1.84 17.33 7.32
BMS_DHS CSN6 CSN7 13.5542 4.62553 3.61 32.45 9.92512 3.46233 2.75 24.27 14.14
BMS_DHS CSN6 CSN8 11.7241 5.07889 2.14 43.06 15.0613 5.3321 3.16 44.54 23.51
BMS_DHS CSN7 CSN1 13.092 5.23631 3.08 42.16 11.2017 3.29083 2.28 26.54 8.76
BMS_DHS CSN7 CSN2 16.5694 5.24425 3.51 37.16 13.0167 3.97084 3.61 28.26 15.01
BMS_DHS CSN7 CSN3 16.713 5.2688 5.32 37.97 11.4249 3.53853 1.59 27.85 17.52
BMS_DHS CSN7 CSN7 4.64004 1.73083 1.17 12.55 4.26305 1.20124 0.86 9.39 3.44
BMS_DHS CSN7 CSN8 16.9434 5.95736 2.48 43.50 13.7558 5.42537 2.11 45.70 14.24
BMS_DHS CSN8 CSN8 0.958193 0.326917 0.11 2.19 1.39208 0.377133 0.18 2.37 1.83
