DSS_BMS CSN1 CSN1 9.95743 1.88303 1.69 18.53 7.72769 1.99046 1.49 12.57 9.18
DSS_BMS CSN1 CSN2 13.6323 2.74111 3.00 22.51 11.1818 2.69157 1.94 17.73 11.88
DSS_BMS CSN1 CSN3 19.161 4.67996 1.62 35.12 13.9596 5.56723 1.97 31.44 27.28
DSS_BMS CSN1 CSN8 18.3973 4.98283 3.45 35.17 15.0326 5.37691 1.66 35.03 27.12
DSS_BMS CSN2 CSN2 13.5456 4.49885 2.25 23.97 9.73691 2.62771 1.50 20.39 9.25
DSS_BMS CSN2 CSN3 20.4596 5.17801 3.73 37.09 11.7229 2.61297 2.03 23.43 30.70
DSS_BMS CSN2 CSN8 19.2748 5.91303 3.80 41.46 14.7893 4.05497 2.52 29.32 33.31
DSS_BMS CSN3 CSN3 7.00231 2.07631 1.64 23.71 6.46917 2.73216 1.53 20.02 6.36
DSS_BMS CSN3 CSN8 9.01844 2.92508 3.19 28.08 13.1556 4.63572 2.46 40.68 8.80
DSS_BMS CSN4 CSN1 15.6273 4.35627 2.08 27.49 12.1244 3.17437 2.83 24.58 16.61
DSS_BMS CSN4 CSN2 17.6293 5.31475 2.45 31.92 12.1711 3.68745 2.94 27.38 13.76
DSS_BMS CSN4 CSN3 16.4722 5.90023 2.45 42.50 9.88516 2.50266 1.68 22.91 10.66
DSS_BMS CSN4 CSN4 8.72703 4.26341 1.48 29.83 6.42644 2.20302 0.85 16.14 4.44
DSS_BMS CSN4 CSN5 17.1984 5.65456 2.13 35.55 10.3139 3.2806 2.99 21.87 12.83
DSS_BMS CSN4 CSN6 11.5159 3.59284 3.27 26.95 13.225 5.52788 2.99 33.94 7.19
DSS_BMS CSN4 CSN7 10.0377 3.86424 2.61 30.75 9.87854 2.73481 2.33 21.99 10.99
DSS_BMS CSN4 CSN8 13.0077 3.73911 2.93 28.30 11.9877 3.59374 1.53 27.10 7.51
DSS_BMS CSN5 CSN1 11.637 3.00228 1.76 20.95 9.6496 1.99531 1.47 20.04 14.21
DSS_BMS CSN5 CSN2 15.1426 3.75456 1.97 26.64 11.1933 2.80417 1.60 21.39 15.06
DSS_BMS CSN5 CSN3 13.1058 4.16661 2.71 39.79 9.51281 2.91827 1.61 27.76 28.52
DSS_BMS CSN5 CSN5 2.34897 0.6274 0.97 4.89 2.37786 0.550207 0.75 4.39 2.33
DSS_BMS CSN5 CSN6 18.3937 7.9405 2.78 39.15 9.8056 3.77907 1.67 22.21 23.59
DSS_BMS CSN5 CSN7 15.2529 7.89627 2.23 42.63 9.58789 4.45262 1.82 27.23 18.44
DSS_BMS CSN5 CSN8 14.7748 6.17759 1.50 43.82 11.5133 4.59942 1.65 32.09 17.48
DSS_BMS CSN6 CSN1 14.4556 4.90611 2.95 30.72 11.9035 3.50742 1.52 22.32 14.33
DSS_BMS CSN6 CSN2 16.6785 7.28664 2.90 38.20 12.8766 4.53811 1.93 25.85 16.05
DSS_BMS CSN6 CSN3 14.862 6.81295 2.48 45.33 12.5747 3.70626 3.02 29.71 22.43
DSS_BMS CSN6 CSN6 6.49459 2.73644 2.03 17.77 6.56749 2.07826 1.84 17.33 6.32
DSS_BMS CSN6 CSN7 12.2331 5.501 1.94 30.83 9.92512 3.46233 2.75 24.27 17.91
DSS_BMS CSN6 CSN8 15.9595 5.76756 3.34 41.07 15.0613 5.3321 3.16 44.54 6.38
DSS_BMS CSN7 CSN1 13.171 3.53065 1.90 29.01 11.2017 3.29083 2.28 26.54 17.06
DSS_BMS CSN7 CSN2 14.7707 5.19248 2.17 29.43 13.0167 3.97084 3.61 28.26 15.18
DSS_BMS CSN7 CSN3 13.5272 4.54284 3.15 38.57 11.4249 3.53853 1.59 27.85 16.60
DSS_BMS CSN7 CSN7 3.03224 1.00791 0.45 8.22 4.26305 1.20124 0.86 9.39 3.94
DSS_BMS CSN7 CSN8 14.5727 6.56679 3.14 45.58 13.7558 5.42537 2.11 45.70 12.69
DSS_BMS CSN8 CSN8 1.10308 0.38184 0.16 2.12 1.39208 0.377133 0.18 2.37 1.52
