DSS CSN1 CSN1 10.5093 3.28861 3.46 21.34 7.72769 1.99046 1.49 12.57 12.92
DSS CSN1 CSN2 14.0827 3.19965 4.96 20.02 11.1818 2.69157 1.94 17.73 22.48
DSS CSN1 CSN3 13.6815 3.19608 5.02 28.74 13.9596 5.56723 1.97 31.44 21.62
DSS CSN1 CSN8 14.7856 5.08107 5.07 35.54 15.0326 5.37691 1.66 35.03 19.23
DSS CSN2 CSN2 11.0415 3.8131 2.26 20.67 9.73691 2.62771 1.50 20.39 14.46
DSS CSN2 CSN3 13.0605 3.73492 4.02 32.76 11.7229 2.61297 2.03 23.43 30.82
DSS CSN2 CSN8 12.7808 4.1629 3.93 32.46 14.7893 4.05497 2.52 29.32 28.54
DSS CSN3 CSN3 5.02146 1.72129 1.67 14.64 6.46917 2.73216 1.53 20.02 8.14
DSS CSN3 CSN8 6.83551 1.89174 2.57 17.51 13.1556 4.63572 2.46 40.68 10.84
DSS CSN4 CSN1 15.9384 5.10583 4.54 33.72 12.1244 3.17437 2.83 24.58 22.03
DSS CSN4 CSN2 15.6534 5.44284 4.15 31.49 12.1711 3.68745 2.94 27.38 31.45
DSS CSN4 CSN3 13.4724 6.50971 4.81 42.86 9.88516 2.50266 1.68 22.91 13.02
DSS CSN4 CSN4 8.63571 2.85522 2.33 19.54 6.42644 2.20302 0.85 16.14 20.39
DSS CSN4 CSN5 23.7071 6.91221 4.43 45.46 10.3139 3.2806 2.99 21.87 23.20
DSS CSN4 CSN6 22.2854 2.34716 4.30 29.66 13.225 5.52788 2.99 33.94 21.17
DSS CSN4 CSN7 9.3467 2.27902 2.91 20.19 9.87854 2.73481 2.33 21.99 16.90
DSS CSN4 CSN8 12.4653 5.87363 3.99 43.76 11.9877 3.59374 1.53 27.10 10.51
DSS CSN5 CSN1 12.6534 4.0071 4.60 27.12 9.6496 1.99531 1.47 20.04 20.16
DSS CSN5 CSN2 16.2503 3.42264 4.18 26.36 11.1933 2.80417 1.60 21.39 19.96
DSS CSN5 CSN3 12.8039 3.81484 2.90 31.52 9.51281 2.91827 1.61 27.76 24.88
DSS CSN5 CSN5 2.43893 0.665797 0.82 5.21 2.37786 0.550207 0.75 4.39 2.23
DSS CSN5 CSN6 21.7047 8.61446 3.42 51.59 9.8056 3.77907 1.67 22.21 17.84
DSS CSN5 CSN7 14.3915 6.67438 2.53 43.78 9.58789 4.45262 1.82 27.23 37.45
DSS CSN5 CSN8 14.3244 6.09014 3.11 37.39 11.5133 4.59942 1.65 32.09 20.68
DSS CSN6 CSN1 18.8901 4.04885 4.43 30.82 11.9035 3.50742 1.52 22.32 13.86
DSS CSN6 CSN2 31.7262 8.79661 9.05 52.41 12.8766 4.53811 1.93 25.85 23.20
DSS CSN6 CSN3 30.747 10.6355 5.01 47.27 12.5747 3.70626 3.02 29.71 18.33
DSS CSN6 CSN6 8.09248 2.72726 3.35 18.51 6.56749 2.07826 1.84 17.33 8.64
DSS CSN6 CSN7 23.7436 5.22051 3.22 36.29 9.92512 3.46233 2.75 24.27 12.46
DSS CSN6 CSN8 21.9484 5.71218 5.46 40.42 15.0613 5.3321 3.16 44.54 13.39
DSS CSN7 CSN1 10.5353 3.27743 3.11 24.65 11.2017 3.29083 2.28 26.54 13.70
DSS CSN7 CSN2 13.0977 4.20192 2.96 27.31 13.0167 3.97084 3.61 28.26 17.19
DSS CSN7 CSN3 8.8826 3.28369 2.44 22.86 11.4249 3.53853 1.59 27.85 11.24
DSS CSN7 CSN7 3.10321 1.17822 0.76 8.19 4.26305 1.20124 0.86 9.39 5.31
DSS CSN7 CSN8 9.55937 4.21967 1.86 27.75 13.7558 5.42537 2.11 45.70 6.29
DSS CSN8 CSN8 0.895819 0.315651 0.16 1.78 1.39208 0.377133 0.18 2.37 1.27
