DHS CSN1 CSN1 13.8116 5.06192 4.16 35.58 7.72769 1.99046 1.49 12.57 14.62
DHS CSN1 CSN2 15.2026 3.30571 3.59 26.28 11.1818 2.69157 1.94 17.73 19.88
DHS CSN1 CSN3 28.244 10.2307 2.88 50.44 13.9596 5.56723 1.97 31.44 21.92
DHS CSN1 CSN8 22.0833 7.68214 3.92 53.12 15.0326 5.37691 1.66 35.03 29.85
DHS CSN2 CSN2 10.4133 2.30084 3.04 17.57 9.73691 2.62771 1.50 20.39 14.05
DHS CSN2 CSN3 21.5535 7.55645 4.34 37.16 11.7229 2.61297 2.03 23.43 25.58
DHS CSN2 CSN8 24.9188 9.12556 3.80 59.66 14.7893 4.05497 2.52 29.32 30.60
DHS CSN3 CSN3 9.50692 2.92178 1.68 17.57 6.46917 2.73216 1.53 20.02 12.23
DHS CSN3 CSN8 20.6552 9.77424 4.75 52.35 13.1556 4.63572 2.46 40.68 47.05
DHS CSN4 CSN1 23.0123 8.30267 4.11 51.34 12.1244 3.17437 2.83 24.58 29.93
DHS CSN4 CSN2 16.7074 5.41702 5.98 38.17 12.1711 3.68745 2.94 27.38 38.64
DHS CSN4 CSN3 28.1025 6.59932 3.10 40.97 9.88516 2.50266 1.68 22.91 25.41
DHS CSN4 CSN4 7.66778 2.63135 1.83 17.50 6.42644 2.20302 0.85 16.14 14.17
DHS CSN4 CSN5 12.9352 5.52748 3.26 33.90 10.3139 3.2806 2.99 21.87 25.17
DHS CSN4 CSN6 12.5248 5.35577 3.76 38.32 13.225 5.52788 2.99 33.94 20.33
DHS CSN4 CSN7 19.3224 5.29398 5.86 44.38 9.87854 2.73481 2.33 21.99 23.09
DHS CSN4 CSN8 16.8603 5.63518 4.74 47.68 11.9877 3.59374 1.53 27.10 13.59
DHS CSN5 CSN1 13.1671 2.87522 3.01 24.29 9.6496 1.99531 1.47 20.04 14.89
DHS CSN5 CSN2 11.9853 2.46744 4.29 20.33 11.1933 2.80417 1.60 21.39 20.78
DHS CSN5 CSN3 24.1051 8.57997 2.21 37.50 9.51281 2.91827 1.61 27.76 29.70
DHS CSN5 CSN5 2.06418 0.641248 0.70 6.87 2.37786 0.550207 0.75 4.39 2.64
DHS CSN5 CSN6 5.42745 2.21999 1.66 18.51 9.8056 3.77907 1.67 22.21 18.54
DHS CSN5 CSN7 13.3329 3.69002 4.08 31.63 9.58789 4.45262 1.82 27.23 16.43
DHS CSN5 CSN8 12.8247 3.50571 3.99 30.40 11.5133 4.59942 1.65 32.09 20.56
DHS CSN6 CSN1 14.7439 3.08152 3.80 27.72 11.9035 3.50742 1.52 22.32 24.08
DHS CSN6 CSN2 11.4805 3.33597 5.90 27.28 12.8766 4.53811 1.93 25.85 29.94
DHS CSN6 CSN3 16.8873 4.72642 2.76 24.15 12.5747 3.70626 3.02 29.71 17.36
DHS CSN6 CSN6 5.13014 1.59345 1.45 11.10 6.56749 2.07826 1.84 17.33 6.77
DHS CSN6 CSN7 16.3519 4.2597 4.86 33.46 9.92512 3.46233 2.75 24.27 12.98
DHS CSN6 CSN8 17.7633 4.89199 6.63 39.88 15.0613 5.3321 3.16 44.54 14.13
DHS CSN7 CSN1 24.8047 7.74239 8.47 57.73 11.2017 3.29083 2.28 26.54 39.91
DHS CSN7 CSN2 23.4573 9.12901 7.20 62.54 13.0167 3.97084 3.61 28.26 47.92
DHS CSN7 CSN3 19.7255 7.32052 4.88 51.19 11.4249 3.53853 1.59 27.85 21.66
DHS CSN7 CSN7 5.95434 1.80637 2.10 13.99 4.26305 1.20124 0.86 9.39 7.06
DHS CSN7 CSN8 21.5099 6.6242 5.93 57.40 13.7558 5.42537 2.11 45.70 20.67
DHS CSN8 CSN8 1.02855 0.340123 0.23 2.07 1.39208 0.377133 0.18 2.37 1.41
