CSNc.CSNn CSN1 CSN1 8.37201 2.22416 1.66 18.63 7.72769 1.99046 1.49 12.57 7.02
CSNc.CSNn CSN1 CSN2 11.3816 2.25829 1.55 22.98 11.1818 2.69157 1.94 17.73 15.60
CSNc.CSNn CSN1 CSN3 13.6703 3.95436 2.03 31.86 13.9596 5.56723 1.97 31.44 19.37
CSNc.CSNn CSN1 CSN8 15.3005 5.04727 3.49 37.48 15.0326 5.37691 1.66 35.03 12.18
CSNc.CSNn CSN2 CSN2 8.86066 1.64794 1.81 13.83 9.73691 2.62771 1.50 20.39 19.47
CSNc.CSNn CSN2 CSN3 14.0174 4.54439 1.35 30.38 11.7229 2.61297 2.03 23.43 28.36
CSNc.CSNn CSN2 CSN8 14.5558 4.61041 2.15 33.75 14.7893 4.05497 2.52 29.32 26.14
CSNc.CSNn CSN3 CSN3 7.25347 2.15901 1.12 14.62 6.46917 2.73216 1.53 20.02 9.85
CSNc.CSNn CSN3 CSN8 15.2661 5.40004 4.10 40.04 13.1556 4.63572 2.46 40.68 19.33
CSNc.CSNn CSN4 CSN1 15.6366 3.85775 1.41 27.51 12.1244 3.17437 2.83 24.58 15.02
CSNc.CSNn CSN4 CSN2 13.8565 3.56785 1.52 28.17 12.1711 3.68745 2.94 27.38 19.34
CSNc.CSNn CSN4 CSN3 14.3857 4.3885 1.48 31.81 9.88516 2.50266 1.68 22.91 12.68
CSNc.CSNn CSN4 CSN4 6.86707 1.94177 0.99 13.95 6.42644 2.20302 0.85 16.14 5.88
CSNc.CSNn CSN4 CSN5 15.5056 5.08528 1.71 29.89 10.3139 3.2806 2.99 21.87 21.50
CSNc.CSNn CSN4 CSN6 13.811 3.94616 2.62 27.11 13.225 5.52788 2.99 33.94 8.95
CSNc.CSNn CSN4 CSN7 10.2159 3.63777 2.02 25.82 9.87854 2.73481 2.33 21.99 12.88
CSNc.CSNn CSN4 CSN8 12.3046 3.96573 2.10 33.70 11.9877 3.59374 1.53 27.10 9.38
CSNc.CSNn CSN5 CSN1 19.4241 5.58243 1.68 33.86 9.6496 1.99531 1.47 20.04 19.59
CSNc.CSNn CSN5 CSN2 17.6609 6.09101 1.61 36.22 11.1933 2.80417 1.60 21.39 19.09
CSNc.CSNn CSN5 CSN3 16.7086 5.4179 1.44 30.79 9.51281 2.91827 1.61 27.76 23.68
CSNc.CSNn CSN5 CSN5 2.4009 0.642336 0.65 4.65 2.37786 0.550207 0.75 4.39 2.77
CSNc.CSNn CSN5 CSN6 12.0734 3.93331 2.01 18.53 9.8056 3.77907 1.67 22.21 21.16
CSNc.CSNn CSN5 CSN7 15.0769 6.2815 1.63 34.42 9.58789 4.45262 1.82 27.23 33.38
CSNc.CSNn CSN5 CSN8 15.5601 5.01695 1.82 35.67 11.5133 4.59942 1.65 32.09 20.52
CSNc.CSNn CSN6 CSN1 19.4742 5.39159 2.11 34.13 11.9035 3.50742 1.52 22.32 18.73
CSNc.CSNn CSN6 CSN2 17.3087 5.46802 2.47 35.48 12.8766 4.53811 1.93 25.85 15.24
CSNc.CSNn CSN6 CSN3 18.6638 7.09574 1.92 42.91 12.5747 3.70626 3.02 29.71 26.15
CSNc.CSNn CSN6 CSN6 10.8956 6.63436 1.91 22.10 6.56749 2.07826 1.84 17.33 10.63
CSNc.CSNn CSN6 CSN7 16.247 5.55329 2.75 29.92 9.92512 3.46233 2.75 24.27 14.59
CSNc.CSNn CSN6 CSN8 17.3069 6.36781 2.63 43.74 15.0613 5.3321 3.16 44.54 24.39
CSNc.CSNn CSN7 CSN1 11.0437 4.70536 2.69 29.82 11.2017 3.29083 2.28 26.54 29.28
CSNc.CSNn CSN7 CSN2 10.4937 3.50693 2.73 27.79 13.0167 3.97084 3.61 28.26 25.08
CSNc.CSNn CSN7 CSN3 10.572 3.77567 2.10 31.70 11.4249 3.53853 1.59 27.85 16.17
CSNc.CSNn CSN7 CSN7 3.26227 1.60472 0.52 10.28 4.26305 1.20124 0.86 9.39 6.42
CSNc.CSNn CSN7 CSN8 18.5267 8.36513 2.09 47.41 13.7558 5.42537 2.11 45.70 20.12
CSNc.CSNn CSN8 CSN8 1.10161 0.282775 0.26 1.94 1.39208 0.377133 0.18 2.37 1.28
