BMS CSN1 CSN1 9.82861 3.81289 3.20 18.53 7.72769 1.99046 1.49 12.57 12.15
BMS CSN1 CSN2 13.503 2.56435 3.59 21.22 11.1818 2.69157 1.94 17.73 18.75
BMS CSN1 CSN3 22.88 6.88661 5.11 50.86 13.9596 5.56723 1.97 31.44 46.03
BMS CSN1 CSN8 20.6862 6.48811 7.19 46.74 15.0326 5.37691 1.66 35.03 34.48
BMS CSN2 CSN2 12.5017 5.76405 2.45 35.64 9.73691 2.62771 1.50 20.39 21.15
BMS CSN2 CSN3 28.6076 10.969 6.72 64.30 11.7229 2.61297 2.03 23.43 58.48
BMS CSN2 CSN8 24.209 8.33596 9.54 67.58 14.7893 4.05497 2.52 29.32 46.88
BMS CSN3 CSN3 11.5652 3.944 3.26 29.22 6.46917 2.73216 1.53 20.02 16.21
BMS CSN3 CSN8 35.8958 14.6576 6.03 95.82 13.1556 4.63572 2.46 40.68 37.53
BMS CSN4 CSN1 15.9977 2.88598 3.38 22.39 12.1244 3.17437 2.83 24.58 21.67
BMS CSN4 CSN2 15.2873 3.27863 2.41 26.74 12.1711 3.68745 2.94 27.38 21.95
BMS CSN4 CSN3 26.2409 6.17898 6.34 50.01 9.88516 2.50266 1.68 22.91 21.33
BMS CSN4 CSN4 11.1474 1.80467 2.52 17.23 6.42644 2.20302 0.85 16.14 10.54
BMS CSN4 CSN5 14.7055 3.34808 2.24 25.49 10.3139 3.2806 2.99 21.87 17.61
BMS CSN4 CSN6 15.6409 2.49231 3.92 27.13 13.225 5.52788 2.99 33.94 16.72
BMS CSN4 CSN7 22.0817 4.16373 4.40 37.09 9.87854 2.73481 2.33 21.99 20.79
BMS CSN4 CSN8 19.8268 6.14643 7.46 56.61 11.9877 3.59374 1.53 27.10 16.45
BMS CSN5 CSN1 13.2033 2.86906 2.77 19.44 9.6496 1.99531 1.47 20.04 19.40
BMS CSN5 CSN2 15.8647 5.4224 2.94 33.47 11.1933 2.80417 1.60 21.39 19.15
BMS CSN5 CSN3 21.4716 8.76092 4.56 61.54 9.51281 2.91827 1.61 27.76 55.27
BMS CSN5 CSN5 2.93973 1.19002 0.69 7.36 2.37786 0.550207 0.75 4.39 6.77
BMS CSN5 CSN6 13.2955 5.55455 3.25 38.73 9.8056 3.77907 1.67 22.21 41.14
BMS CSN5 CSN7 12.6811 6.27211 2.52 38.78 9.58789 4.45262 1.82 27.23 19.35
BMS CSN5 CSN8 24.6888 7.76116 3.44 52.90 11.5133 4.59942 1.65 32.09 22.66
BMS CSN6 CSN1 15.6535 3.53306 4.86 28.72 11.9035 3.50742 1.52 22.32 18.92
BMS CSN6 CSN2 17.1352 4.59753 4.28 36.02 12.8766 4.53811 1.93 25.85 20.76
BMS CSN6 CSN3 26.4625 8.31502 5.46 59.86 12.5747 3.70626 3.02 29.71 22.94
BMS CSN6 CSN6 7.66281 2.27247 2.88 15.17 6.56749 2.07826 1.84 17.33 5.30
BMS CSN6 CSN7 17.1798 5.71062 6.00 33.79 9.92512 3.46233 2.75 24.27 16.40
BMS CSN6 CSN8 21.5905 10.4137 5.25 69.75 15.0613 5.3321 3.16 44.54 39.22
BMS CSN7 CSN1 14.8932 6.26336 3.82 41.66 11.2017 3.29083 2.28 26.54 41.83
BMS CSN7 CSN2 17.7249 4.9558 3.81 39.81 13.0167 3.97084 3.61 28.26 22.48
BMS CSN7 CSN3 32.0441 11.7453 8.50 72.04 11.4249 3.53853 1.59 27.85 37.53
BMS CSN7 CSN7 7.61761 2.93041 1.10 16.24 4.26305 1.20124 0.86 9.39 12.14
BMS CSN7 CSN8 18.8935 6.10581 4.58 47.29 13.7558 5.42537 2.11 45.70 14.30
BMS CSN8 CSN8 1.01205 0.221243 0.17 1.86 1.39208 0.377133 0.18 2.37 1.19
