DSS_DHS CSN1 CSN1 11.9618 2.47408 5.49 21.42 7.72769 1.99046 1.49 12.57 13.48
DSS_DHS CSN1 CSN2 14.5099 2.59628 7.70 26.68 11.1818 2.69157 1.94 17.73 14.17
DSS_DHS CSN1 CSN3 19 3.90919 5.80 33.65 13.9596 5.56723 1.97 31.44 15.38
DSS_DHS CSN1 CSN8 19.4324 5.52927 4.87 43.77 15.0326 5.37691 1.66 35.03 14.75
DSS_DHS CSN2 CSN2 11.1705 3.67224 2.89 19.54 9.73691 2.62771 1.50 20.39 10.45
DSS_DHS CSN2 CSN3 19.0034 5.24194 5.08 33.49 11.7229 2.61297 2.03 23.43 12.26
DSS_DHS CSN2 CSN8 17.2353 5.72703 4.01 36.62 14.7893 4.05497 2.52 29.32 11.94
DSS_DHS CSN3 CSN3 8.54705 3.92904 1.84 18.20 6.46917 2.73216 1.53 20.02 3.19
DSS_DHS CSN3 CSN8 12.0413 4.3636 3.14 29.98 13.1556 4.63572 2.46 40.68 6.81
DSS_DHS CSN4 CSN1 24.323 7.87652 8.33 51.01 12.1244 3.17437 2.83 24.58 13.81
DSS_DHS CSN4 CSN2 20.2141 6.03896 6.41 40.07 12.1711 3.68745 2.94 27.38 18.09
DSS_DHS CSN4 CSN3 15.1431 3.92369 4.33 32.90 9.88516 2.50266 1.68 22.91 13.16
DSS_DHS CSN4 CSN4 7.89616 2.81694 2.20 18.79 6.42644 2.20302 0.85 16.14 7.75
DSS_DHS CSN4 CSN5 20.3672 4.37926 3.96 35.14 10.3139 3.2806 2.99 21.87 10.43
DSS_DHS CSN4 CSN6 12.9211 4.18374 5.32 37.19 13.225 5.52788 2.99 33.94 20.42
DSS_DHS CSN4 CSN7 11.2756 3.87964 3.78 30.59 9.87854 2.73481 2.33 21.99 11.33
DSS_DHS CSN4 CSN8 12.1294 5.80831 2.72 54.82 11.9877 3.59374 1.53 27.10 9.62
DSS_DHS CSN5 CSN1 18.2136 3.18028 5.79 30.71 9.6496 1.99531 1.47 20.04 9.72
DSS_DHS CSN5 CSN2 18.4308 3.43786 3.60 27.01 11.1933 2.80417 1.60 21.39 18.56
DSS_DHS CSN5 CSN3 15.7268 3.71872 4.03 31.44 9.51281 2.91827 1.61 27.76 7.66
DSS_DHS CSN5 CSN5 3.734 0.827363 1.07 5.74 2.37786 0.550207 0.75 4.39 2.69
DSS_DHS CSN5 CSN6 14.8573 2.84983 3.05 23.01 9.8056 3.77907 1.67 22.21 9.68
DSS_DHS CSN5 CSN7 23.333 6.75721 3.84 44.63 9.58789 4.45262 1.82 27.23 11.67
DSS_DHS CSN5 CSN8 20.2378 5.49731 3.02 38.89 11.5133 4.59942 1.65 32.09 8.67
DSS_DHS CSN6 CSN1 18.0598 3.35942 6.56 30.40 11.9035 3.50742 1.52 22.32 14.82
DSS_DHS CSN6 CSN2 14.2558 3.80614 4.38 32.20 12.8766 4.53811 1.93 25.85 24.56
DSS_DHS CSN6 CSN3 16.4641 5.58235 4.00 30.20 12.5747 3.70626 3.02 29.71 21.20
DSS_DHS CSN6 CSN6 7.60766 2.09169 1.89 18.94 6.56749 2.07826 1.84 17.33 8.03
DSS_DHS CSN6 CSN7 11.9962 3.76689 4.90 31.70 9.92512 3.46233 2.75 24.27 15.22
DSS_DHS CSN6 CSN8 13.5414 4.62585 2.70 35.96 15.0613 5.3321 3.16 44.54 16.57
DSS_DHS CSN7 CSN1 14.5454 3.41511 5.84 31.24 11.2017 3.29083 2.28 26.54 11.45
DSS_DHS CSN7 CSN2 13.043 3.85702 5.00 36.31 13.0167 3.97084 3.61 28.26 15.37
DSS_DHS CSN7 CSN3 14.4306 4.77306 4.75 33.95 11.4249 3.53853 1.59 27.85 8.45
DSS_DHS CSN7 CSN7 5.14476 1.75275 1.12 11.45 4.26305 1.20124 0.86 9.39 6.32
DSS_DHS CSN7 CSN8 13.3873 5.70069 3.36 43.93 13.7558 5.42537 2.11 45.70 20.53
DSS_DHS CSN8 CSN8 0.975599 0.258633 0.21 1.73 1.39208 0.377133 0.18 2.37 0.76
