5662
5663
5664
5665
5666
5667
5670
5671
5678
5679
5680
5681
5682
7425
7426
7427
7428
7429
7430
7431
7432
7433
7434
7435
7436
7437
7438
7439
7440
7441
7442
7443
7444
7445
7446
7447
7448
7449
7481
7486
7489
7490
7491
7492
7493
7494
7495
8132
8133
8134
8135
8136
8153
8154
8155
8156
8157
8158
8159
8160
8161
8162
8163
8164
8165
8166
8167
8188
8189
8190
8191
8192
8193
8194
8195
8196
8197
8198
8199
8200
8201
8202
8203
8204
8205
8206
8207
8208
8209
8210
8211
8212
8213
8214
8215
8216
8217
8218
8219
8220
8221
8222
8223
8224
8225
8226
8229
8230
8231
8232
8235
8236
8237
8238
8239
8240
8241
8242
8246
8247
8248
8249
8251
8252
8254
8255
8256
8257
8258
8259
8260
8261
8262
8263
8264
8265
8612
8653
8654
8655
8656
8657
8658
8659
8660
8661
8662
8663
8664
8665
8666
8667
8668
8669
8670
8672
9466
9511
9514
9515
12132
12133
12135
