581.535390666 1
582.501200171 1
583.467009676 1
584.43281918 3
585.398628685 3
586.36443819 4
587.330247695 9
588.2960572 5
589.261866705 16
590.227676209 17
591.193485714 23
592.159295219 27
593.125104724 26
594.090914229 31
595.056723734 49
596.022533238 55
596.988342743 48
597.954152248 66
598.919961753 81
599.885771258 93
600.851580763 97
601.817390267 91
602.783199772 142
603.749009277 110
604.714818782 139
605.680628287 136
606.646437792 150
607.612247296 148
608.578056801 169
609.543866306 171
610.509675811 184
611.475485316 170
612.441294821 192
613.407104325 211
614.37291383 248
615.338723335 194
616.30453284 212
617.270342345 227
618.23615185 206
619.201961354 189
620.167770859 189
621.133580364 198
622.099389869 172
623.065199374 174
624.031008879 178
624.996818383 147
625.962627888 162
626.928437393 168
627.894246898 161
628.860056403 137
629.825865907 138
630.791675412 161
631.757484917 122
632.723294422 115
633.689103927 106
634.654913432 122
635.620722936 86
636.586532441 93
637.552341946 63
638.518151451 80
639.483960956 52
640.449770461 64
641.415579965 44
642.38138947 48
643.347198975 38
644.31300848 42
645.278817985 41
646.24462749 35
647.210436994 33
648.176246499 31
649.142056004 24
650.107865509 19
651.073675014 22
652.039484519 23
653.005294023 13
653.971103528 11
654.936913033 13
655.902722538 10
656.868532043 9
657.834341548 12
658.800151052 13
659.765960557 10
660.731770062 4
661.697579567 7
662.663389072 5
663.629198577 9
664.595008081 2
665.560817586 5
666.526627091 2
667.492436596 2
668.458246101 7
669.424055606 0
670.38986511 1
671.355674615 2
672.32148412 0
673.287293625 1
674.25310313 0
675.218912635 0
676.184722139 1
677.150531644 1
