568.456875224 1
569.475094899 0
570.493314573 0
571.511534248 1
572.529753922 2
573.547973597 3
574.566193271 6
575.584412946 9
576.602632621 5
577.620852295 7
578.63907197 12
579.657291644 22
580.675511319 20
581.693730994 25
582.711950668 27
583.730170343 34
584.748390017 28
585.766609692 44
586.784829366 43
587.803049041 55
588.821268716 51
589.83948839 71
590.857708065 76
591.875927739 76
592.894147414 80
593.912367088 95
594.930586763 101
595.948806438 117
596.967026112 97
597.985245787 121
599.003465461 125
600.021685136 121
601.039904811 125
602.058124485 112
603.07634416 126
604.094563834 126
605.112783509 135
606.131003183 130
607.149222858 135
608.167442533 124
609.185662207 142
610.203881882 122
611.222101556 122
612.240321231 100
613.258540906 111
614.27676058 113
615.294980255 116
616.313199929 98
617.331419604 125
618.349639278 102
619.367858953 102
620.386078628 106
621.404298302 106
622.422517977 74
623.440737651 98
624.458957326 84
625.477177 82
626.495396675 92
627.51361635 84
628.531836024 93
629.550055699 66
630.568275373 64
631.586495048 68
632.604714723 76
633.622934397 50
634.641154072 58
635.659373746 46
636.677593421 49
637.695813095 40
638.71403277 41
639.732252445 43
640.750472119 37
641.768691794 22
642.786911468 27
643.805131143 18
644.823350817 23
645.841570492 18
646.859790167 20
647.878009841 18
648.896229516 9
649.91444919 11
650.932668865 14
651.95088854 7
652.969108214 5
653.987327889 3
655.005547563 5
656.023767238 3
657.041986912 7
658.060206587 7
659.078426262 4
660.096645936 2
661.114865611 1
662.133085285 3
663.15130496 2
664.169524635 2
665.187744309 3
666.205963984 0
667.224183658 0
668.242403333 0
669.260623007 1
