627.749080302
623.137028479
618.891742713
629.380596878
650.533590013
656.020286051
632.913735374
632.806695547
630.341056464
639.1961361
651.250275346
634.251959573
646.586329384
625.800710146
626.343443782
649.729233567
626.615654635
657.869376277
634.85022635
642.783755001
623.75954784
632.723059146
639.125111236
630.254077306
630.609282522
637.764644272
622.384743724
633.584329356
627.633951197
629.009579151
630.497083158
624.401235313
632.551187969
621.602242429
627.738208231
634.672496706
626.869716128
627.887557948
635.348785597
635.343606953
641.698710727
648.672570517
627.929464369
647.289124107
638.209348122
628.899321871
616.106806312
617.786473861
628.999955936
629.838451167
626.923169364
627.942184109
625.911107491
628.319725668
624.870384128
636.301412957
630.261262931
623.922618474
616.152755543
624.179239356
617.394804403
629.372992203
624.999118835
626.577367257
626.427132349
643.649531976
631.184656689
636.41618403
626.472858386
628.125104629
631.815724951
628.057095234
636.875277285
636.592141224
628.402065561
626.165003288
625.467734938
620.353668421
636.193616249
631.905137286
630.909216441
631.386383708
631.798989904
616.795069445
644.687595379
649.848717587
652.833222965
639.914479765
666.142588691
642.488094347
633.422898792
614.638241371
626.639330187
643.87531318
619.960690719
629.419187129
638.795996631
630.161623226
629.880990393
628.629241411
632.383415715
641.494827895
640.065431446
640.36945236
628.883686371
621.353806837
635.836540338
618.015428055
616.344315385
615.238944752
624.876078084
623.124028747
623.869400554
622.937268593
642.742571782
639.693712938
648.07391219
626.136160667
637.826990941
640.747722779
629.551021807
633.447251737
619.388675411
631.092697242
614.03305233
613.859401653
607.53836434
615.128985562
621.788273046
627.826033679
617.494732513
622.329609271
614.800239489
609.70582398
623.391826619
618.430679133
621.039523573
627.932088142
612.296459886
621.262455177
611.491877347
619.779002492
613.425066225
617.331680873
611.468841184
613.036025633
622.691825222
619.41849412
614.503463208
620.678749377
621.015663771
624.53231816
624.120235675
627.07091839
613.757790779
618.830141671
613.898707569
618.758246873
624.096276791
632.443197398
614.488757111
620.722619351
625.215556815
620.172008769
625.296287079
625.952784397
632.268326086
618.345942044
609.97316921
612.84820196
611.432462892
617.681657635
613.130055112
615.637011381
609.38170236
611.459717414
616.720737506
613.437532026
624.329437499
621.243790259
620.34624019
615.314717109
616.267214764
612.304331283
608.306102766
613.50942326
621.449508797
610.892804714
609.789422764
629.810824956
617.500195292
624.309408432
620.526898353
626.323992467
628.864402652
619.394274241
620.509933756
629.596739017
626.194978724
633.15739697
625.379873291
620.562764926
626.871890038
615.978341041
604.92677245
604.225568939
615.883878935
628.89164263
608.303551295
610.125912814
606.033396543
619.388348529
615.452035878
623.803800868
622.768685022
607.662441448
619.216351499
619.173106671
626.305930901
621.554975437
617.886154526
614.47314082
618.172570707
618.208413787
618.690958245
619.412635761
624.427734032
606.796723887
623.578865106
603.303022039
608.443880866
611.533341977
596.487207987
612.167505024
598.287020681
607.791282638
614.737887201
607.297564585
607.248528246
614.110523327
614.648283865
619.313737705
635.639130974
621.661274236
619.406712965
619.188159919
615.287152684
617.965735499
612.108819016
612.116152595
610.993486168
607.485609442
617.787470028
621.887840649
618.308125902
622.149840549
621.890279461
617.881473784
615.374411111
634.856178826
624.002614179
619.243013307
610.163304106
619.685837618
613.521131213
617.358684068
606.711779974
604.468246932
612.518379543
608.51864247
602.07858877
613.875100347
615.929133386
611.247890592
609.78152948
613.456181303
615.142827657
626.800543204
621.254178982
625.823067313
605.766420719
612.757721288
607.384866648
606.30509491
613.901285822
629.633261654
616.312188249
610.572365185
609.768550548
612.086653549
619.295426975
617.654430304
620.205687502
612.694095182
607.226248835
621.348557231
618.264261628
617.93093365
614.401707217
608.805517714
607.346606402
608.323446327
617.901601309
628.028738345
619.401436195
620.591043903
633.703957795
618.428557061
618.096293611
612.045717036
628.770593309
628.330675165
641.904656911
640.694452123
627.363649606
620.64427572
613.377912209
638.491711046
617.662570678
618.671395077
627.419803525
615.464555797
623.642755266
615.827832568
619.26341494
619.856444336
619.335208871
608.712873689
620.927278264
619.705628055
619.184932702
617.765106405
617.146189037
628.975640893
619.101492936
615.172568163
622.293352616
617.093574032
607.253658229
618.616131386
609.066553333
608.91966205
618.909776211
613.662335398
618.166365331
615.385449917
618.277926481
607.79027879
617.858649798
619.04171493
609.402172694
612.819586194
620.019072529
624.876562538
628.620663443
623.213404966
616.536534549
619.413883109
620.337797829
620.783695499
622.516028968
624.70970893
615.650410667
608.967222512
612.066759245
613.721225737
616.325526734
612.776136078
613.36054734
618.402892403
618.13067364
615.71328631
617.367469673
630.436647074
620.89271839
629.006010707
617.918136944
617.029387476
617.776009745
620.00007359
609.798645281
610.211156065
622.987588447
614.84188696
611.371245237
609.906341718
610.630778416
612.22160072
618.010492921
624.492031142
634.147533207
613.836500614
619.645741872
610.230890051
616.854561296
616.478847742
619.541872344
614.042730321
612.454944996
606.937496641
620.153044626
609.037528136
617.853085128
614.553812505
613.742470764
616.157558484
610.161638915
612.83362312
609.450263709
620.398392405
620.651953498
623.279458477
620.028315878
615.892458219
614.70627701
621.70757153
620.740806341
624.411728954
623.150584604
614.771447012
614.654921844
610.032106409
618.604576357
612.341277436
619.611279687
615.85564386
611.534230498
627.077578757
615.189717537
621.083710166
608.655183164
615.069095571
615.795681876
611.050188178
617.702679969
627.636621167
623.886083131
618.165660165
653.003607387
627.299596012
622.276530174
654.175368672
643.980103012
623.608126755
633.501973746
616.603985283
613.845013138
618.275821366
621.614693535
629.237266069
623.240355857
616.123341349
611.901858352
621.541446437
612.600289501
638.036225847
627.653504066
627.184713602
631.773227618
630.980194221
624.660643288
639.737793983
631.01527762
641.38044322
622.451680096
623.390059632
619.465170644
622.611631056
614.560529757
623.583759508
624.579687244
648.769306539
625.057849566
618.094644455
619.496360702
616.39380919
618.030156278
611.598496956
639.108425157
630.691059737
647.044375159
627.060173877
623.547795709
646.516138687
635.326115127
640.402914255
639.198386704
633.258031015
653.019207873
645.289994237
650.273403974
635.009901154
618.190137277
623.038122459
620.51657151
626.660100003
618.31279153
612.992692013
613.597352765
621.782594508
612.91568724
630.05071579
623.393614421
621.771654849
628.801634144
633.707421606
632.831655285
627.05999448
637.003453194
623.867688384
628.909957068
630.811490433
628.658149441
626.209662569
625.440817007
633.781591595
640.021274854
634.489931468
627.051928829
634.986128491
628.601507534
658.066410167
637.937694167
611.056405223
614.410411232
612.924032073
632.973113873
609.194803853
651.283803154
640.542795524
649.399042373
647.924151114
649.978515682
650.334487755
643.298217694
645.462049825
639.038088402
643.279888606
633.082795813
643.686011857
638.26211433
639.126821872
640.823479522
640.49681086
651.629445922
641.747342941
640.641649177
641.725410517
644.92677317
645.053652149
649.681506017
630.126353186
629.753328101
627.20793306
626.380350353
641.686982264
634.545061217
647.163017009
639.904451064
633.615969555
640.46698631
625.085585977
629.521392674
644.77648789
634.532057441
628.749684526
631.92739364
629.803693116
628.942370976
633.899357524
635.593868888
635.102825913
623.661331314
630.943615651
640.501239108
640.170856653
643.804070962
640.580461375
651.948986738
648.324309112
641.748928796
645.077697368
630.092867504
635.594979362
655.412751473
645.174255311
631.595390935
646.396999971
637.812050441
632.793542063
626.579102543
631.431216757
632.80583356
634.931589089
633.939920937
651.867812598
649.923447643
644.111902716
650.878000285
634.410192939
658.150696487
640.91255888
635.9857741
633.60156683
641.96645723
649.777671511
639.547001631
626.521717124
663.153618149
640.470782178
648.552994063
653.85722186
638.814666793
631.672235845
620.76036793
624.298623297
627.809525785
631.802827992
627.718981325
627.337992522
621.640044389
625.639613822
621.567593465
628.93688564
623.804864246
630.01790886
624.785252202
638.628180613
639.376049179
624.096680595
625.917989322
629.005199724
645.982199564
641.120880666
632.50524528
637.646716111
634.120339085
634.972306492
632.780277575
628.883250718
639.822890797
641.803028258
651.116890778
641.820778026
636.924764143
632.306418353
629.395864875
629.448361856
645.352496751
644.732364601
651.312431261
636.909245134
638.889292631
636.787380821
630.269207917
629.394138837
628.335906849
624.021142389
627.858756179
624.260334177
640.475341941
649.255624
634.560854199
652.307490837
619.894949601
643.867211144
630.991350112
640.998104559
635.742994739
639.738108469
629.615645083
625.509411858
626.640255593
633.300287784
641.950260064
642.157198751
632.858303499
638.310034814
636.807741989
640.283071034
641.603976336
640.856590706
634.211163014
645.644386373
631.165402827
645.959962363
626.758616037
635.3472002
643.451114115
642.805122381
641.23380853
632.351579459
638.585598624
625.788523519
637.28454824
639.830507423
623.03882499
626.468365788
628.478923456
622.462038927
615.119045447
621.407310139
615.544998523
626.276676942
627.606646106
622.072606136
625.082624394
611.443831896
617.896235722
623.243532533
618.88339434
626.474901451
642.533888221
637.251353473
636.878912559
627.123137871
616.212584886
629.46253544
636.710488811
630.32994266
632.562550143
639.017703719
628.174138458
633.081233181
619.23494405
661.183595135
643.777996384
626.773137247
636.634631531
625.398071129
641.428387291
639.921629431
631.017280606
632.494620586
640.404660761
639.581496993
644.517319937
640.46901869
644.781827139
638.774740548
627.308406416
625.454959361
630.670067529
635.253114832
629.216108422
626.051126346
612.798335194
624.149893091
626.07635775
619.30616241
626.709121026
614.379932097
616.181527255
624.956901662
636.97057473
641.576784312
635.154450946
622.275407093
618.922471266
618.545694384
614.26636776
611.09052917
625.35411257
605.95658801
616.53653321
624.003395338
610.053416406
617.866171074
616.280026695
608.581106937
614.362267603
622.321566859
627.017044437
611.978240872
618.418664029
613.760770784
617.430064492
630.175357653
624.874937179
619.814605641
619.462484634
627.443025476
622.443225224
621.750062898
615.691997201
627.800695542
626.0503606
623.079453799
630.650204225
628.094621339
626.759553744
616.423304407
635.108174795
634.228068497
633.954751522
623.203542271
625.235623893
616.905891162
613.658366615
614.184503628
623.083405989
631.672236976
622.837234997
631.891141801
640.504391109
648.223230401
632.872607386
647.851818273
630.372331563
632.369267105
620.812727232
619.049715006
617.000574328
620.556042977
624.586306932
620.604898406
629.91801597
625.934443689
625.735159574
627.918037465
624.93444201
613.600148772
622.88991198
626.907786126
618.474976187
618.855454143
623.062293981
614.286107889
638.756698324
631.193996188
624.616484276
627.754088487
630.59105192
626.911173578
620.282866094
619.797450411
630.878825813
630.521283348
626.920966008
624.076794347
633.683026284
638.255328772
656.969492876
626.403786384
638.237055471
637.762277739
633.391493062
625.972504526
624.519760236
626.927718768
634.647412445
641.614512143
631.047292772
627.14840331
630.979402766
637.118074384
637.090344031
634.274456015
641.081127562
642.389431734
630.346363811
624.544914824
629.110168805
631.26000468
626.603645739
630.107884095
625.402862492
622.163230489
624.157557085
642.63291892
648.475984973
645.660660568
630.984916631
623.438571877
624.624684232
621.430063528
627.62338295
623.854016104
624.787676141
627.700709758
628.032533105
630.731949073
623.40597392
640.620461022
642.680839988
629.474715379
631.220124854
636.237790719
632.946839076
634.791377094
630.982415997
620.88200745
618.511373554
622.767769827
628.721318771
630.768061441
638.621334869
628.131674853
620.016904244
617.702700389
616.595418666
622.316972893
616.552577494
612.440954329
607.108147139
616.411421998
623.055659869
626.400234648
609.831682391
627.344458727
621.204639477
617.728940748
622.336983148
632.754467234
626.586014774
623.899485466
632.979108099
636.197273402
634.772743756
618.401102912
614.302586424
642.719658158
621.665011859
628.796630547
624.581529836
634.69383654
624.611102723
645.129653481
643.443052721
623.03847755
636.768112487
627.468163616
640.809751083
652.650186658
630.093193756
638.339719216
629.121303609
622.314663344
632.357957501
617.743376874
616.452807309
615.168122315
618.911468749
628.325938386
622.521486444
627.640008157
628.968237828
625.364461487
618.24752612
621.178294456
630.521989068
616.564151857
605.053004742
615.373730487
616.321035749
611.158141442
611.003849411
609.369488393
611.568645615
622.04631218
616.885122291
606.111869151
612.85602745
629.725720197
616.486042269
617.932697483
628.316650463
638.296216546
631.277959044
616.363272684
620.932075113
625.020170495
613.822202953
632.235454586
622.835015348
620.883188837
621.468490818
620.090033369
631.733608934
614.390836653
625.657817095
617.478420343
617.062442349
616.735685648
624.218009594
619.769355155
615.372169256
620.070669003
613.477057089
607.224196797
607.352508859
606.734949679
606.429059679
608.729612503
629.451078571
622.719687127
621.455944493
618.752936384
619.8601574
614.057151763
617.204316526
616.305166647
621.485704951
621.695779639
630.409434638
627.739218899
632.896715136
616.174260929
635.97050347
627.105592521
630.616943661
620.644447441
627.646629143
623.996346733
624.134522266
629.018773705
621.270733626
629.457331582
619.713203396
618.998891304
627.289662489
626.790809267
631.75616779
626.842554869
626.913187467
636.301877782
628.942155444
635.082521248
623.67403601
619.200966592
650.743885397
623.533940453
621.81586036
628.454173574
621.241948906
627.550740169
643.832972712
651.216616713
643.050671331
648.834585117
654.427419349
654.315397515
633.630059306
637.696955367
631.896895513
629.040464099
628.581574785
637.598833688
647.726829498
644.344278776
629.075742727
633.76516468
624.891921667
658.847291832
645.742523556
629.120223094
621.875095401
616.913569966
631.525730158
631.779211992
617.155613653
625.626523898
629.419457135
622.90497855
641.988088214
633.031704793
627.816560194
624.267937157
627.856316675
633.854093975
626.199129369
641.514884304
617.267619929
621.220075715
626.649388228
632.284584169
627.807316733
623.862632024
623.487843493
630.542425131
641.20572446
633.122469211
627.904462877
634.488481642
620.149178654
627.288687949
628.736844636
632.401677721
633.239828035
637.555219123
634.837321692
621.26811867
633.482317411
645.048217751
616.270687957
614.341579982
627.658697342
621.073241978
622.612111459
611.853374527
626.088610452
620.32458449
613.49285916
615.422863153
619.929973988
613.055782758
620.616312205
617.929292516
617.279487312
624.219967335
620.506505325
613.867549771
614.68944531
625.582903245
626.035792823
612.604820316
610.357979474
617.273550294
622.139461817
614.700381607
621.197646473
614.032333575
605.281814254
613.406243655
603.620131516
610.169529747
614.840976746
614.099428949
601.302844097
611.784758132
620.728307711
613.56374383
612.359161151
607.066117601
601.927865029
606.226982312
601.401920882
612.512530787
602.094840359
604.611183507
600.665249304
606.190862611
603.995266392
606.29302266
616.050090061
619.038756294
619.189474715
615.73877277
614.351779315
606.863195291
623.581947821
624.46860196
607.705555845
607.79308459
608.790398218
601.424433626
594.145822899
593.537344273
596.073145654
596.666136911
601.355368121
612.416699844
601.739300259
600.422739305
588.322489324
598.319765064
598.929797127
596.039393683
594.445355387
598.953161564
596.488899659
609.58787734
602.888571985
605.817972882
600.839726355
601.935371813
602.875971529
587.03038308
614.668738794
617.713320498
621.537577587
615.184245628
614.919714652
610.1778997
612.25848819
604.677818584
608.949714116
606.421159592
604.450146994
599.558820405
610.317982355
613.154285214
600.792228863
608.783391679
610.916141582
605.357100174
598.308449636
597.700673345
608.632473669
611.407586053
606.132514454
602.876559065
596.813837106
600.316993119
606.791836766
602.647007608
590.310822421
590.88561811
586.538863065
598.890494374
592.829501643
604.230473721
590.041055294
599.340535472
592.147557851
596.385956228
595.848083386
596.15872108
594.669246175
604.958522288
603.125113764
598.493919666
608.928073225
607.668482555
594.912214201
596.118581115
610.753974401
604.797522236
590.522444487
592.467831622
594.604223726
588.778142809
593.565320625
587.668027132
592.561923433
596.742973119
585.324622706
596.302932566
592.598401626
588.701783441
592.905478737
594.230183762
594.007244368
597.674761202
594.30293177
594.768204086
592.120150968
589.41484893
588.097578554
591.197363601
592.138270612
595.772950701
590.794523781
588.051492811
598.70371007
596.5388447
596.766042835
601.531037066
592.411571162
585.754825889
602.791172237
602.058882368
601.308180031
607.928533423
601.660055399
603.481479781
598.913296888
603.464498532
607.831120336
606.714509934
595.080729449
598.381636833
599.543161578
592.796179577
600.323069196
598.588579874
597.298831863
596.753005323
612.101070907
603.401859621
601.255968968
592.461810585
600.223076776
598.641124246
613.717780682
602.249730391
598.380316941
606.927827879
604.762914256
622.269097821
604.89962699
595.373340416
599.643664905
594.256050318
596.892135179
596.603211711
606.403417692
592.864860152
604.354131279
606.715086817
605.175429136
598.773471797
601.696642093
601.245893662
609.590815903
608.216335719
602.342842832
604.920182218
607.062756129
611.631490463
600.485131206
604.023316832
593.438877703
589.313036878
597.85150928
590.160462001
590.463826977
587.728122451
610.233869125
617.788000104
612.639457492
612.848343672
615.88436169
610.291921078
602.829003589
603.617559336
615.051249239
615.40047708
628.717666929
628.961466752
635.458480672
636.394651299
618.428450616
622.343894099
625.6442285
617.400660881
627.046028477
630.620802913
620.444220306
615.186543631
605.349141824
621.372616001
607.686897025
598.039308532
597.864871255
597.25027827
591.069778755
586.341175555
592.539859743
594.562269502
591.323543746
600.347300438
590.7134639
600.611752245
591.693704569
597.962279274
588.977232297
602.770732813
593.60415852
591.442593095
597.933911589
610.239920496
598.928065262
590.499414834
597.042743602
596.300524167
599.150172026
614.311116377
614.372972209
611.949093813
611.657604884
612.000505142
611.902735615
614.177541873
611.553692209
609.629329939
601.57190441
607.957191228
599.403125541
608.810505078
605.378979326
608.664431178
614.978731494
610.545318627
614.065619561
601.839578251
610.563876518
602.326951427
600.310029153
605.949104727
603.303192301
611.501031061
596.517715029
613.377390124
609.506231117
613.355934304
613.587207132
610.372899317
612.776597112
621.698143544
608.468851949
617.054596771
609.099571649
618.748497003
614.308770997
609.883464134
611.785441741
620.103680948
613.737924129
622.810266917
622.94270758
620.045525272
604.210932741
618.706873472
613.468666404
609.56405109
608.458789472
610.518539245
603.631444796
598.777350158
602.215580406
619.270715693
611.573740746
616.052809903
617.182072139
620.236362975
610.103210594
609.110653909
610.495708611
641.627979763
620.827049994
615.550369855
622.332131575
604.90068058
606.207965013
600.575943923
603.507985563
611.016679475
618.917631357
610.925770525
607.879496767
613.640616919
620.637147462
599.066286051
609.414442205
620.760023892
608.917333504
615.818838549
606.755904421
611.528469512
606.962347169
600.305552462
593.720795569
610.162208961
618.860525448
609.950850307
594.502662191
598.716422706
600.248724887
599.049911284
593.499601031
599.433488469
602.214037428
604.178771845
598.847824236
603.536303919
598.660383796
604.953043048
602.929924667
605.442771244
608.09088712
608.762543794
604.165179641
595.367953681
615.368950498
603.466697995
609.108416787
601.59721531
620.885295095
636.448577837
619.249701861
610.841326002
615.656376658
608.991669038
623.710877694
605.668876164
622.673393416
612.019765696
620.201282514
619.404531378
622.830524136
614.723411697
615.807572143
617.316942707
612.257632206
612.24792045
621.772620891
620.076223733
633.276230017
615.451137674
597.563122006
599.247745575
600.40470833
613.340732002
598.833550947
603.13266646
594.088980787
601.000176774
601.682347719
606.758021122
600.080317015
603.505946891
595.366516526
601.896846362
582.202419948
623.546586002
604.699860803
602.07339374
609.962615917
615.547345512
602.077271729
596.228683801
599.897678667
605.772715272
608.023740771
598.569635981
594.444646667
598.607579435
602.596754188
594.876903063
589.074039144
590.458020926
588.442549136
589.257153193
598.681139382
595.068973907
600.01527996
597.736669053
603.915006208
620.11937238
610.069105092
609.870088466
603.793421664
602.701053983
612.070186301
618.303478279
606.396136393
609.484335773
622.013466826
618.257858768
603.85418503
611.523444445
606.849808744
611.585159223
606.17966028
609.742760481
616.406425316
609.652225247
615.980732717
615.957508
652.792658975
614.212670463
611.770694171
613.485930989
609.206614316
609.112585418
596.369835187
592.827628534
599.114156683
613.569895195
621.063501659
610.140981781
601.27357523
606.703659677
597.752724185
599.797092566
605.272454491
603.60094183
602.580024222
599.245802125
610.259474497
600.948421537
613.630744074
608.599349051
605.316333556
604.683096357
601.552241777
614.996914595
603.027971901
603.656105314
595.588875896
595.320577817
591.491437354
604.884260952
603.282812442
596.601586839
597.021042647
610.589651123
606.248855131
610.179445116
606.369239987
607.61659392
599.47852802
589.936797118
586.933579964
604.248894055
606.140875085
593.765365441
597.412799585
599.309888621
595.612743302
606.065838182
608.334825387
599.963729799
597.640722495
603.455503516
594.787784487
604.48267558
596.054052618
601.297710214
602.686033453
602.119837915
602.056847144
604.216819766
592.103180613
595.000008213
604.651446991
608.492228251
604.379060062
607.840114433
587.516158122
593.057578778
585.617741768
590.866728828
591.516469831
590.530449715
588.47467212
597.002531966
606.438414244
591.019573473
585.700237708
598.051743856
598.579977844
586.732709857
594.003201994
596.45341445
603.22935906
602.364612881
610.044547094
600.44893786
605.592250442
604.422360983
611.309037738
598.452199417
616.54812804
600.594398309
619.308360252
619.033900154
620.818491004
616.354075637
599.564453256
609.743322882
622.669669325
599.175144945
609.528534739
608.023729252
607.359333182
593.442381995
599.038177643
608.580865228
608.333196573
602.214794978
612.503289461
602.228236105
602.227787776
599.649352382
593.180704612
591.550678141
596.399253021
595.571341937
595.983046209
590.393567237
589.131011041
593.608154736
587.603273722
591.980736774
590.866968438
591.50715845
590.782112347
597.29328523
593.295705317
593.417390962
601.864372581
590.369275427
595.666838007
599.422494843
593.028552265
588.732560665
602.966292677
590.567815684
593.483728138
588.649933744
600.013216227
591.484146511
587.407132854
586.595811182
599.524295188
600.114749767
603.649025056
594.791391744
589.840909207
597.871420924
595.020163161
609.348470272
605.770310902
609.268314824
601.880573594
605.751499215
604.333708553
609.170780083
610.626989287
609.955194257
616.515985069
615.717132947
608.676107558
601.362651574
601.90397901
617.917626636
616.162740186
606.183707118
601.220057837
598.990173003
607.890138661
614.501455108
609.748758161
617.117378557
600.738719659
605.991040056
602.351118439
603.254703213
598.959991183
609.206779991
600.938095094
604.333373937
605.981315365
598.47058805
594.768678948
599.710853139
598.938971256
597.323477885
595.247878239
606.58845322
598.456493446
600.202221775
599.613059962
605.197179594
610.615456802
608.052973879
604.649924201
611.031098112
598.420102234
599.679151649
598.633626117
623.419785807
610.854628413
603.2955399
603.365102077
604.053684396
604.148369211
595.134771702
593.226907425
601.246905555
603.273955626
606.614823341
596.04079503
586.595521022
596.593106046
596.180255956
589.616708458
581.723625498
595.470611139
604.143679119
599.831642043
599.581345032
596.74412605
602.659651707
593.27767807
596.635674423
595.576470859
593.481668869
609.785922318
590.941846716
594.931869478
598.210512646
597.105154594
599.444777532
600.719711167
598.822298962
598.978723666
605.116453871
596.819695583
599.512126325
591.716146714
595.299979666
596.21368889
594.748147088
603.273573072
624.788353704
619.393804118
611.04399748
611.50222283
617.29135227
622.1338347
621.828804889
611.297406293
626.351104242
595.746862927
605.691441643
596.593551884
605.296834518
590.581901076
594.42848017
595.468073629
588.116959445
593.434989121
593.758550716
601.954822718
604.885847556
595.029025774
599.327834237
606.240722125
602.988021618
600.377401246
600.478247775
592.986941779
588.539765024
592.190294218
593.637201773
595.743450779
594.902106773
613.486576276
607.705263109
602.767500804
606.557320555
602.587085193
606.592961824
610.261995478
604.221080099
601.773968883
611.6955058
611.896940488
605.748092138
598.090130233
587.155256959
593.112934962
596.589883328
600.755123825
600.026730492
600.434734699
596.716521339
598.376068939
600.571687915
597.881630354
592.983660646
597.706977004
594.426027527
603.662116904
601.688402079
588.319015973
590.709727646
589.611561653
600.427768075
605.286766307
601.764368857
613.595987746
602.724516766
603.833413936
596.723364021
602.189078797
592.485292905
594.326638188
578.87101041
591.808314226
598.938051167
602.667488079
596.472687937
593.17252368
591.022309237
593.205693437
594.298012325
591.492714393
593.240813923
588.021655732
603.581053298
598.473814343
605.543345957
597.369721978
596.452548865
592.64647058
590.229073928
599.759913115
596.178663799
606.758282182
614.066176615
607.924042622
600.336009169
610.577801788
616.351288733
630.913629478
627.298593978
617.887905635
627.591347258
607.42366731
620.160301128
625.188031918
621.900298876
618.427704446
631.021193172
639.31730847
631.860948731
621.116233105
627.432295611
612.612212287
609.900033622
611.981806527
607.876820634
601.340199922
605.825565119
598.328848171
592.462538386
608.264800182
588.433089688
595.580937748
594.446791792
594.886541629
588.217841772
592.969883854
592.191651761
594.760826726
601.104287897
597.277253152
595.932800632
608.800775417
599.101457812
603.47184816
596.395625132
601.073030319
618.954427848
601.543918141
600.383393701
603.379191752
596.610825394
605.402457093
600.850865911
606.01394688
602.249827712
602.707312681
598.155614488
596.949080358
603.240059549
605.422585496
590.057741808
589.070616219
604.09080124
600.062847839
596.668678253
592.401154089
584.926555915
592.071038897
589.627306864
596.466257949
593.650653693
588.612049942
615.141912986
603.806085066
590.126387867
591.203023696
587.974914427
586.54822487
593.898123042
596.849464905
597.992393489
598.746052172
593.51838529
592.447860371
614.769716144
603.216011336
610.493555019
583.41811704
584.119233526
589.604225844
585.893882396
592.615094599
589.020402568
590.114187987
597.194508429
597.777044805
586.408822028
600.269913484
585.467667968
588.790201059
597.185720667
599.48517188
639.404585746
631.81816071
614.163140519
617.310058271
630.442468735
622.520125526
617.803617884
616.721495511
632.671526671
615.186381665
612.742914274
631.764402615
627.021822193
633.513607356
626.121859034
622.167954911
634.2195486
624.561782055
633.323484154
633.468819476
623.603641701
631.780248146
623.346893204
621.01858507
617.943162436
623.431915128
615.374844173
617.724986265
624.871979231
621.693557056
614.060958526
620.152493359
620.565894381
615.412825266
622.004527241
622.205029427
622.86467036
615.993305435
608.837819335
613.182871699
617.89253594
618.027770221
610.295414487
619.221564776
626.442333318
618.1129302
611.884533385
629.031639911
630.672880429
620.356997624
619.395997049
621.399145245
640.088998243
645.037910154
622.142657797
616.09128757
614.04500637
610.201263826
612.334401795
617.422014334
625.598173981
615.077460095
643.312337356
625.004448656
632.353330905
635.162599498
619.462520627
625.202894628
634.40762872
635.147012227
621.56294016
628.463993903
626.105947363
633.417969464
628.656653957
625.463223556
644.663414743
632.252148855
634.004772803
631.400420533
620.710788015
626.310604977
622.916232484
615.822836095
616.315710083
639.793680541
635.523832717
629.585008692
614.944932237
612.225202572
627.211077502
626.769601804
635.652746452
628.487874918
628.000299116
632.4342563
628.446319061
622.773066865
617.843342882
639.305790596
629.052486739
620.703282332
614.141959749
631.138262366
626.786632197
624.555445328
623.771871126
632.148007336
605.215934315
617.310413239
624.273248486
626.486266134
658.147579921
651.63733885
662.846396317
664.22364576
650.957285308
644.205200096
637.76045605
630.285070633
636.802688764
635.658334332
631.406176725
639.609215485
646.676653949
648.754777558
652.696745747
670.278842682
646.523716972
630.901443667
639.11123488
642.995742059
643.198277334
641.594871666
635.215621996
657.644203912
645.570776856
636.889783647
640.46193076
648.794657567
636.204948765
647.535179822
650.097569354
659.625325056
651.715339114
640.479844872
638.782036329
638.298943905
626.92954677
645.101346498
653.065956309
635.482051912
655.562966345
655.969444045
663.542155529
648.694472059
647.564535405
656.8686969
634.477651536
634.056726811
638.834536333
650.811193574
641.76680048
640.506559082
646.797407013
631.400720476
630.375069468
640.840368597
636.968784361
638.671361816
633.743625055
633.395309724
636.293962494
638.867872967
632.398965654
635.956668802
634.790471023
638.191016703
628.431832819
639.411946598
646.662930696
645.628443771
645.784615892
639.836011757
629.531683396
631.802485705
628.844240681
629.070962176
629.6179791
626.313578714
631.484623804
636.472508926
630.813477552
647.176200867
643.036921385
642.346313701
638.390215082
635.813248797
635.641988516
630.834059863
631.104150678
629.228417058
632.227397515
629.331106849
628.250510687
629.590224424
639.227442424
641.27262629
624.665912768
623.849442579
630.727391224
635.351111142
628.908242606
629.456139231
627.341420271
641.114153557
647.331453548
640.44668051
647.117781851
632.392207113
644.499866054
637.369227717
635.439015607
635.602015723
644.427982488
635.490087278
621.775441719
617.064356617
618.379290711
622.341482202
625.660794368
633.921874412
621.891176123
626.341425989
614.736257112
617.904130536
628.284313214
625.687511309
630.383801074
619.208387136
625.980797318
635.248504612
625.30262563
621.469455255
628.112986389
642.951953783
630.38504725
628.609212223
619.834857905
629.052853791
633.458537062
624.368537787
631.194154403
647.81359266
626.842303961
632.413720658
631.413610564
635.057666284
627.503879632
629.767132671
624.769432702
629.332574739
641.185414357
635.175661467
617.454820008
630.910271642
633.91625082
631.801074748
629.778023024
633.10067513
630.180413404
624.962328638
636.085909972
625.430082556
631.253258887
630.10584627
633.782061221
639.282214689
636.788334916
629.422550308
628.23627707
626.969234898
636.234044263
628.935540914
628.343073307
636.652979164
621.424245461
623.930401704
623.719294182
633.482664064
624.127142987
629.828407168
644.930493207
630.475944689
621.152977368
633.253483048
627.233053567
629.002824403
628.321370129
620.290480612
636.9236419
621.99146648
620.528219907
628.450807705
621.32595458
619.017767383
618.614936305
630.451879417
634.852068641
629.879594714
630.916537091
642.391445697
636.111202147
636.839964134
636.49835009
621.082304999
622.573517513
635.555438361
621.152129605
618.026205273
626.966981827
625.223754487
625.75109458
627.820892896
625.91421138
616.401849765
624.92006234
623.916550733
637.739646987
631.812521871
636.805185654
625.018776659
632.232647914
628.547467313
629.58676792
632.021827168
633.262889684
633.905469985
629.29775886
636.808349404
630.102278056
626.654256173
620.981883958
614.240304508
618.049705651
621.83170594
615.127021777
626.038839271
623.431832735
627.134541635
620.601964879
621.813366828
637.148364678
633.308053173
623.651730669
634.185239112
631.770815129
631.00590155
633.834167999
633.817304355
621.889144688
620.406518743
626.874295251
622.786402082
624.109203426
633.380002658
622.080592658
629.606760521
622.144329629
625.685817722
615.797876867
623.649250598
626.993335872
635.290640661
621.676648396
630.176587341
641.380055738
635.087474789
642.862338195
636.2145856
637.038995392
629.854670169
637.827203145
643.201039291
635.074247664
637.55639774
630.686958071
644.873210647
632.894191099
635.458133046
637.550766368
645.995674181
633.567453952
635.669529939
623.438752897
628.064991496
633.576190428
627.53367167
631.77810818
617.788701874
618.745064147
621.402215635
617.399414421
616.964148043
616.713670511
619.161277121
619.519705893
617.943064662
627.758739935
633.058067844
626.113569212
617.639408609
624.419619934
620.742365416
632.901586479
622.397261688
628.271599887
617.055510343
617.927464127
609.260128818
616.107010723
623.691741058
623.950099329
625.84221872
632.682691011
616.009509931
612.370895846
617.230363666
620.287850932
615.678681235
633.294371798
621.159417145
627.720958956
627.646728183
623.564585182
610.811657079
614.296031899
628.536151466
617.915171962
623.676408743
625.089307802
610.122633522
630.486131849
624.331968392
627.236439432
634.655314729
629.657399604
618.95057811
611.970787031
629.215162056
616.778794427
624.357470778
624.773258614
619.352507159
626.726151783
630.849894033
624.127393474
626.535949582
646.990719604
647.117168316
626.145766402
617.968234209
626.1067613
618.778159705
614.893558082
620.805265521
619.065699554
624.747424499
616.589925515
629.959685453
618.123676351
614.961076397
610.66471015
620.868680117
621.414194615
620.957178891
619.831012296
619.187914831
619.133536177
614.151239839
625.132607552
615.744570277
620.216856489
620.440427684
619.826959027
638.048141089
644.515659821
635.670172659
627.44099718
625.399522652
611.532412694
613.274778289
607.533115369
615.737295616
618.619659233
618.083679094
615.304643972
617.212631433
625.043574819
632.790398156
616.524439763
613.954292577
617.193710181
619.487273524
616.866746075
625.065876704
624.798141965
622.232677827
638.530836265
625.745139849
646.518716646
632.961558105
630.91857598
624.48564283
631.198702551
628.991193875
626.398373361
629.385572948
629.590388453
626.199025834
624.094378623
629.506956225
626.649740869
619.355018195
618.951397709
627.206837213
634.781640767
625.491268037
625.559547453
626.235039872
626.52160159
625.599738147
628.795963765
614.318073907
625.2872135
611.386512104
629.293528398
619.96549346
618.188727102
623.834518654
628.749013146
623.739007987
621.197543617
624.427392496
623.612338377
627.121564697
626.192184027
629.101019826
620.875835902
640.567719383
625.076562743
621.255776538
619.298424116
624.16804293
632.845155306
633.206662028
614.904528064
660.283718127
656.558902115
636.865750526
631.666166751
636.596932535
636.074796871
626.714180356
639.879812694
632.652442725
637.411407482
637.489232907
641.420269921
646.545868876
618.798291201
637.732765294
641.68859658
643.029008146
642.407629914
619.474619843
638.0313696
632.777996282
634.09930057
633.186316074
633.413374195
636.781376399
635.797295755
623.493665159
634.936642201
620.8311185
637.439385629
631.657092246
636.436130218
623.971408793
618.168950467
631.187014589
621.264770544
648.216303789
643.013276388
643.502053747
648.467349503
657.432461187
639.109345125
645.381042048
642.209285268
659.946163816
647.068735202
639.440627651
631.302785869
634.173470195
631.550664744
630.398747157
638.865221981
633.137173404
637.442166742
634.789934682
636.410179518
639.160187875
632.189753654
637.655324262
640.627844919
644.378394466
641.589925461
648.05334843
638.254498954
634.868771714
635.480809254
633.52110264
630.629610799
631.421561939
639.109605856
632.184462652
634.607104215
636.334469815
628.404269505
622.196276206
634.660211151
632.25835609
637.734828811
645.154021404
629.938930283
633.3388603
648.077305228
631.861839298
630.965423343
627.083691811
637.211461774
628.003729857
624.422652788
619.119130376
622.882932226
619.963277435
628.601664281
620.548423031
619.698560289
616.416797423
628.018221094
627.458246859
622.424589885
610.963653415
619.985022675
618.740421943
632.454921075
628.950746365
625.634569796
639.313244607
665.211220473
627.87682424
639.293729957
632.623396703
627.583661273
634.371871641
641.690643491
651.247546423
637.535214156
636.887615684
628.555045501
619.875218849
638.87966691
636.550539463
640.429400298
633.533804343
628.773153147
634.654907052
632.82985362
626.921962755
618.82663327
621.617709388
621.283378962
626.797478399
642.319083626
638.03345037
630.192528403
635.998734165
641.143279935
651.545242583
657.827357348
657.290083571
660.55875303
658.342867302
638.736462356
619.439840208
620.401376675
615.627407487
621.539455554
625.089462162
628.107139248
626.212076604
618.841052178
611.517885133
611.703998466
612.636247224
620.374457514
628.497846602
625.573949569
643.230691846
632.697767126
627.802070903
650.472424833
659.691332618
665.85757721
658.202753388
658.383166149
657.157606093
627.880818497
628.121931574
626.923759772
634.402061312
635.81926113
635.888134001
643.32852285
646.506771178
629.736067666
631.014809089
637.28339074
620.26267818
610.703775629
621.085186577
620.493911304
617.597947095
614.638914093
614.646332758
616.945003943
616.716550388
627.122077377
636.346976462
623.589258697
624.555892245
621.069834802
627.586973807
629.459698283
632.395263505
621.901854272
626.434183008
626.840935294
625.196845225
636.126854646
639.273621874
633.222686747
627.832136334
621.956231885
632.429019313
632.434282923
628.611101592
617.141731154
619.657159321
626.66786434
632.958783728
629.453314475
624.417373444
630.878519028
635.080813828
642.078084669
629.005396589
610.504467747
620.590314677
622.452173601
607.617885394
624.34388552
610.226997269
610.90917749
619.371923973
623.543433498
619.830163942
618.794484393
617.264975014
624.956442222
626.253593734
625.633925162
610.604730597
611.963246006
605.069285966
619.07167692
609.631119318
622.843741978
613.812683281
625.767881138
615.187336363
612.220581756
611.962475523
632.02934607
623.537061739
620.56253645
617.614418603
622.543167127
606.894427814
608.402248386
606.61426751
611.613371317
615.350424399
605.772736037
617.315490844
629.259215308
620.303340556
621.894113133
611.97918657
609.34239964
627.814376061
622.788158456
623.711038462
618.721579979
619.995433071
624.330874326
613.688449969
613.855016443
621.50841134
604.9301303
609.035662533
610.629109004
613.107146934
619.445910181
615.301368121
620.20358644
602.185720102
609.169189883
608.695334063
619.112319969
633.639736603
632.304798284
647.840994704
624.408500024
623.793957988
646.456709332
640.263513358
636.850820675
647.218914951
640.721401596
640.889105814
651.647962412
653.280397332
625.991236642
613.88101996
627.534115339
625.33256708
619.346844936
618.872900884
607.551680655
614.035671821
623.276081686
616.722957757
613.45040078
623.316598666
625.123276256
626.471017846
614.356617119
614.909755527
612.542938445
614.783727771
611.584424494
616.561234144
627.398546913
616.107180956
611.622966315
616.610094959
617.847083729
608.530285635
604.851870377
621.051930965
616.273338609
613.523742051
617.873370227
622.319070345
608.698510181
613.455801065
614.386549683
612.926981068
613.926924414
612.698659504
610.226384192
617.817538602
621.900783322
632.269680445
623.152714498
614.101036858
607.089867206
610.768382896
615.335185241
614.492002343
609.252092502
609.079829832
610.173660924
604.776772762
603.125578826
611.13743969
618.312443944
614.183832489
610.21871169
608.687426834
601.471194104
604.011359665
607.836493375
609.898070098
601.212389533
604.446607201
609.839095352
607.647413488
609.4343267
621.587641862
621.23899613
618.389184853
613.484052804
623.544773536
610.953532068
612.247640329
612.360013485
616.980377872
614.932333436
611.18403463
624.392690164
621.737625418
609.883728277
610.819768618
622.897448977
622.125327524
617.577564861
614.468555151
610.59613958
621.028578633
620.480782538
614.69973516
619.464035264
618.186090699
621.065198073
627.11254591
625.818481046
607.828445907
608.98766531
614.688489933
621.381818323
606.432580186
612.394696573
605.908041836
612.319750399
608.197061322
613.37236637
614.687268097
614.941295832
615.013559074
616.293197942
613.096101808
616.864126491
606.564211947
610.935584633
611.07943375
613.39408187
618.59106324
611.265513067
605.993044731
610.1542292
626.468399693
628.485608591
633.760684289
610.045976264
606.438694837
621.863303816
618.390574265
611.811420968
614.282379694
611.284736541
620.033010913
615.829005743
602.884943313
602.721475478
614.200300713
622.452454133
624.879304856
612.108136248
607.229269783
611.132471812
608.535149248
610.092101223
614.866041997
608.591574159
615.909891875
617.630836773
612.322489573
611.867112365
610.662404361
612.153926032
615.4280855
603.96136276
604.939413094
612.3304594
611.115496463
600.701478593
599.840209625
611.339502603
603.530069825
609.283588168
605.875847461
608.03175712
601.880988543
597.984306362
608.659647007
607.292371776
606.626282978
606.117161961
614.190246331
607.196989728
614.112067364
612.18740986
615.504289352
611.134853428
616.478812222
608.166130152
615.123630277
608.040603519
609.73501659
606.220272843
620.086269847
612.417299449
618.894762164
620.564033369
617.879376077
612.22050966
609.213291321
621.438262428
612.646100072
611.775155323
608.798445878
617.437770242
618.329347
606.319492247
610.946432341
601.350683252
615.980202076
610.208895523
606.300045159
622.60361474
612.496158753
609.250346109
616.908398496
607.444236807
603.817525363
605.907535974
608.022409919
611.446896005
609.323292098
606.837833682
615.522838819
632.523868933
617.630091391
624.328965063
631.683758621
635.476495316
643.696414256
636.960085763
610.196519136
615.152146683
624.325750788
628.067513705
622.792947845
629.785538589
615.793541711
609.819610304
599.05082136
608.168668036
613.241135944
607.388551492
609.617374058
606.297462859
612.769468282
615.388674522
609.618521339
612.060474369
607.989338985
610.095189412
612.698891844
618.622793375
619.935883033
608.138619053
609.776048542
610.773811435
610.624215771
605.866229328
609.379658134
608.426795325
609.786267175
601.509108468
608.599591672
607.886599517
615.489188237
614.941340265
605.740869859
619.861513341
608.07819964
616.90192641
616.169991987
605.928874044
609.703856735
618.232046006
613.361074916
612.498486833
608.039239336
617.034138159
617.378389285
614.852579333
610.04599521
599.743754969
607.756484838
605.268808784
599.813041728
615.313878604
619.625172602
608.205372432
613.27188227
608.895201844
608.294701702
622.216219938
608.494841923
605.787427261
624.369574197
619.698822873
620.054505417
633.658869888
628.202519965
615.047933999
619.647127954
607.65488845
615.401120212
613.386620914
618.30561238
616.004145374
610.460658997
618.165593302
626.708619145
625.418268535
612.320763439
607.304049469
619.326403671
605.117385174
604.974234188
609.164624134
615.764748745
610.989054215
629.089470483
624.574455654
637.97274309
639.586739373
636.046288683
619.489832072
631.852028538
614.079178799
631.97286338
633.560030686
624.778869667
626.546311217
625.121494112
626.351288438
612.714848118
616.768203758
602.790444583
607.784275833
610.708194586
609.31409964
621.598661323
622.840080781
615.661308421
604.542470747
609.24085888
620.621637198
602.107351103
599.613214502
602.908860161
611.459938876
606.787662665
612.221310333
601.029500653
602.209812917
612.277516295
620.877137039
605.486700877
608.318783866
599.878970853
609.764898244
610.134486423
603.813006886
615.636796694
609.582763023
608.543272788
602.846218252
610.690749118
599.710192631
603.471878795
606.991529991
605.246530161
608.310242218
604.806349001
619.340680985
611.766630033
609.789024567
612.428731371
609.90810816
610.024176631
624.821300408
623.108804596
626.350741021
621.729621614
614.117461701
611.074886946
619.950811203
609.06566831
613.542528347
613.893132236
607.894663908
621.6200797
617.416855811
609.573384559
603.049206681
605.980633855
606.500072774
610.143104975
603.592861466
613.085784623
602.275081332
604.671659639
599.37882284
599.261387325
622.420610387
617.17827559
616.294027696
617.813702518
612.585289144
609.667636026
597.931223717
601.046507929
601.061403555
614.70760199
601.602703172
598.583537845
599.528842471
594.537782035
598.534708334
623.896294098
622.084342307
623.545658153
633.856981734
630.506914193
626.803377642
638.592933794
642.969637345
634.614629216
633.767394656
649.485970973
618.930360003
647.44624636
612.951887695
614.779843876
603.021959073
611.734089256
600.137298967
606.425853113
593.467889107
585.531371966
601.148118609
606.627416446
605.574347617
595.475379013
607.946362574
605.91031273
600.42049578
595.561984319
596.229126372
604.54301377
598.296047788
599.901444837
613.497283947
604.874034453
604.202418962
606.209727927
604.697945941
594.209205977
593.792186142
586.854492119
595.999918246
599.523971305
599.493795771
601.815984574
599.976421847
597.567682518
598.10733474
601.43039061
605.291314809
599.61280402
612.726879096
611.327527757
620.355990137
621.781900308
612.154460039
614.623706098
607.329956395
607.999661493
615.795007468
608.05002493
614.596533981
609.962266113
603.749483469
623.516712427
620.563012104
607.769218953
610.013373606
612.162294413
605.773367096
615.791278171
610.921227736
604.548391458
603.555363712
616.649188251
610.641991339
614.478854638
618.486129643
607.814815466
617.623545097
611.521452391
609.804715833
605.463069915
608.014474588
609.005249322
612.209137278
603.080643243
607.399860234
607.445547788
613.11663499
599.084151682
600.129003239
603.183083919
607.000083092
609.565322087
615.125839807
612.762327527
606.582436912
602.960437106
604.96753793
600.958782897
607.7499361
596.87957023
602.535800367
606.257208285
601.693232192
613.268667901
606.036878699
600.525071851
606.15805134
608.171805077
598.116896388
600.201793773
596.31570432
596.91903979
601.814872808
604.870349785
611.266542472
611.524335843
606.229824748
603.397570257
592.040713918
606.764187915
604.062937927
604.935941256
603.418885679
596.410664967
603.198306339
597.645796645
621.25070194
617.82427497
598.454117645
617.548687991
612.707573429
604.847820528
624.995118419
629.541954977
639.024770831
610.06996659
606.286429138
606.013210201
598.93356081
595.823395909
599.804595534
594.912559016
604.175618819
602.776653691
610.205440547
605.509103622
613.736043226
613.658337263
617.395969546
616.63219869
613.125315101
594.444657268
602.859266315
606.702416933
603.618409518
608.790640657
610.219766547
598.891234908
610.257520975
603.504550574
613.19342959
610.558027323
606.188274304
598.26320024
601.730816802
605.26470136
599.767753532
612.776465029
603.955907143
598.166850872
604.887487425
603.596948929
600.403836121
605.565742263
593.660426654
590.678410333
611.018321252
601.344927086
614.81007868
605.624838761
608.86211742
608.498142083
600.593480684
602.060471344
608.116005714
610.135379301
601.203724848
608.094121454
611.764246981
616.212491007
595.597901421
590.584243467
607.751144139
616.056216045
601.226390943
598.073110895
595.319372667
595.038912512
594.570900128
600.924413956
608.720427536
600.664392245
606.375000095
608.166057992
603.199175682
593.950191019
588.444871064
605.082344748
591.173521388
604.853625981
595.469756813
600.65966182
598.334277658
602.338578062
592.961937157
602.137452101
601.3852299
609.325081433
600.956892478
606.752600733
615.834344627
622.397586297
601.051378128
601.959789564
595.049333716
595.744066654
599.811681555
608.489607072
606.811199052
605.860341351
594.89101297
596.139716996
601.424665966
594.721589242
618.267486665
618.653884288
621.638834041
627.595763415
603.678259964
623.156402058
615.06894041
592.833235518
600.707042051
606.128002568
606.552188693
618.474987272
603.109081561
612.616372981
608.283646014
602.846650138
599.929042807
595.718076714
595.180762089
598.193847594
595.310150999
597.968137015
604.982112106
596.837976868
596.511422557
598.171760888
595.525635105
605.806179975
607.661897246
605.806125615
593.563057258
599.247785564
604.896813977
604.080099098
600.075551865
595.419849873
602.633735434
606.243719171
601.180717398
614.396406653
611.013116371
607.844521561
615.320704112
603.199055221
600.401777078
597.795770404
599.030064977
601.932924528
602.940313505
608.517143826
612.616242208
603.175272188
600.12146501
607.045426464
601.076767539
598.989245849
601.10982909
590.957706602
612.283401225
602.649646935
597.056900161
609.793683562
612.138927634
605.693200385
609.091440113
606.363128663
605.997393924
616.389681142
605.02655172
606.244407745
603.188388064
609.425361278
609.930170931
603.415335335
612.078170054
594.541591208
602.046632344
600.792223483
595.879023647
597.293761325
604.228290202
600.362194963
607.184294077
614.019007009
597.571668428
608.751841621
602.057818635
610.38803685
601.45693449
594.608084934
607.485504011
601.626019063
606.441030193
602.46601801
613.976712762
611.641970498
606.55700468
610.796424393
604.832831686
603.819756826
604.581305005
598.236688441
620.127305723
619.190537
612.298258228
605.895069461
608.031477981
618.788059922
611.440116844
612.964880225
603.733313468
607.339165963
603.903658023
598.281737159
606.55744051
609.703906278
605.556980974
615.564463268
607.232974801
605.05986516
601.355308471
600.837935226
600.550841567
601.225237298
601.989981539
596.476391886
596.374498079
609.071919094
603.625976083
597.273997029
593.588167799
595.674716884
597.394491441
590.713880839
599.445601432
600.481909313
593.498531402
610.623219936
603.784101507
600.619423345
602.269058623
609.308007626
599.416744866
596.725057731
596.464099082
605.723315467
604.649293506
605.705758974
602.851575453
613.642779527
598.622860998
603.365577061
605.937542244
624.952179952
620.029549324
620.427336288
612.639886001
616.829862901
620.594218276
610.965601906
610.987135595
607.913110542
602.855062188
600.292680336
605.204957111
605.378122731
607.750278697
615.734687047
604.353533723
598.274373834
595.673034574
599.681108431
599.460913675
596.141554857
606.607431851
595.725726875
603.983589574
600.133143497
603.738036563
599.453778491
618.562754087
613.836401185
610.997226654
607.443966304
607.870101209
610.943452153
602.741092567
614.275854282
607.586399571
609.025375546
609.170904462
615.520408324
618.341179541
617.363811361
624.471272376
624.771959475
615.84983355
605.892476228
611.234055543
612.586083853
603.655794605
606.441586534
609.917193972
601.179517636
604.284325392
611.529936244
614.435947041
615.454631975
611.396693223
607.265253639
601.418874531
602.964576691
599.770635633
603.342147622
595.465215068
605.893669908
609.858130522
614.413754785
607.549766426
613.179479162
611.939365669
613.961875555
598.295055365
612.446931001
605.835945215
603.25793316
602.605728384
607.494529314
595.089981155
613.685225084
607.110779939
619.97488447
643.825754436
631.810682546
616.178345944
615.581788638
619.572390381
613.816695932
607.77337293
612.210694045
605.617932921
604.154067844
598.335795306
613.045324368
604.126863136
605.94834206
598.19086133
605.416460323
594.156164678
610.169129398
604.198273877
595.928035601
593.714140178
601.281195001
605.780373073
599.192455671
600.102127713
595.23062266
601.825365369
595.981558993
603.440956963
599.984589819
598.821767256
601.007781015
600.369166147
597.36499555
610.645540903
604.543853686
607.295952126
604.386053074
607.945912235
595.42830441
602.000312015
591.591100215
592.016714769
605.80544911
599.431546737
597.813145298
598.750855584
599.999201769
592.069687707
600.723861199
599.007277771
597.484351064
602.634178426
599.712486455
605.607495595
615.70368331
598.108244345
601.43309383
599.487255261
611.171487359
603.105456787
610.630834259
617.80359965
600.370614348
606.785780488
604.636025355
601.506147995
603.134845711
600.652242309
604.771652655
609.071763991
612.607597561
607.580542315
608.585462517
603.194282501
599.238422422
612.941423445
608.959003656
601.203931666
607.628364072
606.148872875
603.76221907
602.778937353
601.741983297
603.979150399
595.324777089
605.184791387
590.969659205
600.681097842
595.47159618
599.78525189
594.309349602
599.489569918
596.4284473
599.87212918
595.749206162
599.315728832
593.752279795
606.062240871
601.527442951
607.237944956
610.01275948
600.494079603
599.490180128
610.203042551
601.236738077
600.528053653
614.947766657
603.801055289
608.783694133
603.331676565
606.058563458
623.48005584
617.762148603
612.195308338
610.364461898
597.582780078
587.352229614
593.811500264
597.722359802
593.762945658
601.711691514
604.347170423
596.730848579
600.816650613
606.455387233
617.47294454
618.718481048
604.908664178
611.459502083
601.078838465
635.968011585
634.460182261
613.531397071
623.064827216
617.006889554
618.149659626
621.883356456
617.48419673
598.684113033
594.013099323
612.046828931
625.658142647
607.124544925
606.857251371
613.56965635
607.298112627
606.629063685
610.787393175
600.721568558
605.395003204
601.940757006
601.129852156
596.078217512
600.268960114
603.02536371
606.629219292
601.363835088
586.349785522
596.207606856
603.479435453
601.278534448
605.295105356
603.704951776
604.681195565
610.502409004
604.994325475
601.617663555
617.575137555
597.696218812
610.937702162
612.054881767
622.328156754
609.016578928
604.041482316
601.483124384
604.235181325
597.884102125
611.465116706
593.629454551
594.100087062
599.775937112
595.520102651
596.987475058
602.752128386
596.358817059
595.465861309
600.904696291
597.651582427
600.936437948
604.931730223
602.972246828
606.376599219
599.630701242
605.719066033
601.184655137
601.020467048
607.038328007
607.395616637
600.652178065
598.098604535
604.357360055
608.063507101
609.815837225
621.298639049
606.009524729
590.557264585
593.719534674
606.070056338
595.760696141
603.659436659
604.694717189
597.83675999
607.935627784
604.385610297
606.32943379
609.705456643
600.368583923
596.018028764
606.409704006
614.431804821
608.855934923
617.158699863
605.888734458
594.532027935
604.492266592
597.986981308
605.324955087
605.310081591
594.200525991
597.165327167
602.681196439
600.177654272
606.406708435
604.598140579
605.414984449
611.490572474
617.696320375
593.97119527
592.122017675
600.754422778
601.736706183
592.620902265
593.685690685
595.55718165
597.671097729
600.898971777
608.400537242
610.827908294
624.474233844
621.92673157
615.697291294
614.939516851
612.939533055
615.610340206
613.955918945
606.695412012
601.268313623
609.5274808
609.990898028
610.78242421
616.4879727
605.041802658
612.997690855
613.269518685
605.642078833
611.688571817
607.433196894
606.569909362
613.931468852
624.51603033
608.513092178
603.462995483
606.326972717
607.798516826
606.216245609
611.56924329
610.917356901
615.652457584
613.643770275
615.283739978
605.935964337
619.643457293
629.246763706
633.625840869
637.459162976
636.422878982
619.540780793
630.298217445
633.530616457
627.142297857
637.063358341
633.279654553
636.594195308
637.53241434
633.561900044
628.777412423
636.155065857
629.900321461
636.695184238
633.123576225
630.526223415
626.773472411
627.885960311
621.084686117
597.400335362
606.050306874
599.492133776
602.497811968
610.441912146
612.83885685
606.170149743
612.681424118
617.980247518
608.103752475
597.114056713
596.914759595
617.605169517
602.679596406
604.643184084
594.942045108
595.119549614
596.77887777
607.661026856
607.214179636
607.808134403
606.776030398
596.038033116
598.573012306
598.313840284
600.616465545
595.620535041
608.133413716
608.781162125
604.819823482
603.459669361
604.534772512
607.742452308
606.672791867
601.093756801
598.117789886
609.628805658
599.310716048
608.292884331
599.150565108
599.014407888
612.686958747
614.621562388
609.514415002
611.716156625
613.437284207
595.570222954
604.475935969
602.667592718
600.223629721
605.140880274
613.455122877
610.096079461
610.320545766
609.183310801
608.730411731
600.506576597
615.824255578
611.341411246
609.239351188
608.561425478
607.50141822
608.129875564
618.139790227
616.368984481
609.567341757
614.414695338
616.730327279
614.68882193
622.087439804
604.130509645
605.004772426
609.583207842
601.383126801
607.597000916
611.014096231
611.224976515
609.323704393
611.631267807
610.612364218
617.401798164
610.06028894
610.531229572
610.853845733
605.84010523
621.616938031
612.48664319
604.17885888
614.513470209
607.476397149
596.8766465
589.840964747
595.048885876
610.043854152
598.371162292
607.110086547
596.642233588
603.374488738
585.017519919
591.516275413
599.906844643
596.284805084
594.999669043
592.189539012
588.033791158
596.577552842
598.657890936
600.76586225
594.996250782
600.065303193
600.017068556
604.521782516
615.532223546
614.079879073
615.300136006
617.49580028
621.703501598
608.055727885
632.130641694
603.057087062
628.891767815
627.037418529
626.543407588
608.036080754
621.117161571
612.498732549
604.316284389
601.704314918
604.354449274
608.611270168
603.206617052
602.892588255
608.819099604
610.391423916
603.628721306
617.375907059
609.983418321
608.428255232
606.152690963
606.616232906
616.784596132
627.269918699
614.77563062
609.002479453
602.46604119
604.156532279
611.630243914
614.817722992
616.206549484
623.15014108
611.125483543
604.739493375
600.096257406
594.864195239
605.663713848
611.885489714
591.653645421
606.773292992
600.017362097
604.528796682
605.223090808
601.547220464
607.956510261
614.144256159
603.507361825
603.988225463
594.473611702
593.572397932
592.280948696
608.696162286
607.948825761
603.991245619
615.705081422
603.041025524
613.817448981
610.819135613
609.911590292
603.502470063
604.515545427
599.547208945
598.516464113
596.127094704
609.085844627
607.073158598
605.350200834
603.939195524
599.28361937
592.699039116
610.910048251
613.016628763
603.069085964
597.336042802
607.981662272
607.877534364
615.732461887
621.608404116
610.361660062
605.300167679
604.237410976
607.272661441
608.969496118
603.896522653
600.100219604
604.118120886
604.144124458
607.192229718
608.0941668
603.099049518
608.891781226
603.18029173
605.705614488
609.965794855
601.450239185
607.079564362
598.431927757
600.312485975
608.099329562
610.416725136
608.790153237
605.314532044
606.867137195
616.614793842
609.729675248
592.620032632
590.906234298
598.665732032
611.535041376
605.001221367
616.855879347
610.581261727
608.982464183
605.595931788
611.182694255
606.623466757
605.111598829
607.480315311
611.651593002
618.572664987
609.469091706
619.966725354
603.999261068
605.776576429
604.94915389
597.678315221
605.173943618
601.866481067
602.575890874
603.61766946
605.971755526
601.753391211
605.053334659
597.136621668
605.528896726
601.775488956
608.805963709
596.591019248
605.832033491
610.566611479
601.494290033
609.23152943
615.170146947
606.911707939
607.446165916
614.875177847
606.856440326
600.666271147
618.720291704
608.969109652
611.546239842
602.179309077
604.99730206
611.304737885
619.364205783
617.937188148
615.264838766
615.410294197
612.396825226
617.28140216
616.439134147
615.417840872
603.658321566
611.366047831
616.429472766
613.47041519
621.09795391
611.957300794
624.22496704
611.199703495
614.468321887
608.86768663
612.412925047
613.252055187
600.998966154
605.873337436
606.98869814
608.397177742
605.214426026
600.208351856
616.592913786
609.309536199
610.412448604
608.436464019
608.11975883
620.459773151
629.194791484
621.928209267
624.24552311
616.621250061
609.460543121
619.243777781
610.122169008
605.170149344
618.764424272
612.467382857
619.861820666
603.423171484
608.554442115
605.330844165
607.863597976
602.624910269
606.039175638
601.733030289
606.488725848
603.882835283
610.343260428
592.071383809
594.045108491
593.852816513
594.067589751
606.300072935
594.462283905
595.845400246
600.066002453
597.449783826
598.406818009
600.42817013
604.150019253
609.28301891
608.52947655
603.160756416
604.843764768
605.486059297
614.386606435
615.767798976
607.237986118
602.694155766
599.563947478
603.955944095
609.761418252
612.614852512
610.924422068
609.060909454
610.617912393
612.18647324
613.610698875
609.520320472
594.151723421
606.061000631
605.979813311
598.345146033
596.946436633
597.850400178
609.825472143
606.511873725
601.344490297
610.020880116
596.28218082
610.016912536
608.70461042
599.492631987
601.607930903
592.875240246
603.712791125
596.189689493
602.462461655
602.433521915
595.0320791
600.067582656
600.045731843
594.151539406
596.028017436
590.699844045
589.555326108
593.028700643
594.484375253
587.683788048
587.685371795
603.360987171
595.674244018
604.920619824
587.768455499
582.161850885
597.809912879
606.294823205
593.59147442
596.824818503
602.383215958
593.793320088
600.796009418
588.955242237
598.664185127
624.969485954
610.75885125
615.461702208
638.091050615
598.297096334
607.295492301
610.66341406
620.488223625
618.38949835
618.00553287
596.719673271
600.220151922
603.205204559
616.11257068
597.537899383
606.10894744
602.116850589
615.045902274
603.114842996
590.820583618
591.560762548
595.173324653
594.198007966
581.774070813
585.945155621
583.531684144
590.463112387
584.267817391
593.582998038
586.462978718
600.095113081
593.234230384
581.279122438
590.738137934
588.535824301
593.177005513
601.937650166
596.327292614
603.139563374
604.5562182
587.679712561
591.538402937
590.220683689
581.514760294
587.277579278
592.847813633
581.5841785
581.548728931
581.97269459
579.684372756
578.530531152
594.860964579
580.981863246
591.623891919
599.18983481
581.888996511
587.647166243
594.269406154
583.777618235
587.343550711
586.710546967
587.320465915
592.276270458
583.65181999
606.598450402
599.861555983
586.077901694
590.05233849
592.390438627
585.125281327
598.151082974
590.743723378
599.261300001
596.018984202
587.414678474
587.971406877
589.635655056
597.305689356
597.266198011
590.891756693
595.089358917
589.095940694
572.977843992
584.674793343
585.189693095
595.958803407
596.861108496
596.213742196
588.603869079
583.865564799
575.995123623
585.689463633
581.509301364
579.845322572
574.518814957
580.987907556
583.169894803
583.645774271
587.243348022
575.755099558
589.038181395
585.707464415
576.899557359
601.362490899
590.232900434
580.243516435
584.324940554
586.201313262
579.820093347
579.691389665
584.208665158
575.267186379
571.544580116
573.526441457
594.053218627
592.017222812
584.329218803
587.504681099
589.953895994
591.781863514
586.294715586
594.465533689
588.643092369
576.110970514
582.19279461
592.463274428
579.861698846
582.95146238
592.468893718
589.991544914
599.329793548
581.072766908
598.184743959
584.170768366
586.414065503
589.172141525
590.662307769
590.414332555
584.833324162
582.737155061
591.59204279
597.505366428
591.711103643
590.690253369
601.158747353
589.14961329
598.754016484
593.530769441
587.913175931
584.395884433
584.968690337
589.557411549
598.977799189
592.078803496
598.239631395
588.732310667
591.510165326
584.042322781
579.60152505
579.596531133
579.101455454
579.731249068
587.081036371
573.911055521
593.149698175
586.562255618
582.419343307
583.526628611
575.677899335
584.812950477
583.398980465
582.39465282
581.476897039
580.091873261
589.02986708
576.680108935
595.963673859
584.21913843
590.288161464
580.294505186
579.731911554
579.095379485
585.236252516
576.394110413
574.241059079
568.456875224
581.176088936
581.796375871
586.271210251
581.779513908
579.725721071
586.191405796
579.754035863
582.379683568
587.392978207
583.122748662
584.104636059
580.567742604
591.809408933
575.237009663
575.753086506
585.919505226
579.245319235
604.869710186
617.111060092
603.197535982
611.550069691
616.406357285
619.434455
623.965534635
605.993357858
610.464204519
606.140470417
602.638404632
621.798841692
614.840094513
620.347141762
622.395054427
625.826396658
623.715452686
607.838951252
591.865555054
589.346072541
581.290144825
589.844865666
591.343018919
591.306993294
586.606313818
593.405749402
596.866226458
603.798991871
595.717143015
601.347893422
599.00978563
592.526889241
605.16333665
607.863495845
612.407049756
611.546678757
590.639786965
595.561536165
601.630804791
592.136524638
595.773965723
594.336787267
597.077559126
597.55637714
598.761850843
596.841496109
601.483901935
593.458893396
603.452228156
600.362867338
602.171006449
588.125127626
592.400421877
583.412979907
599.264352162
606.386085916
600.242759928
595.833807605
596.569335646
597.357502568
605.690006446
597.386010465
587.524108539
595.562571849
604.99525127
605.25845212
596.651893111
590.723670078
592.899369126
609.784075149
589.028424551
597.980883548
600.68790632
594.434817609
594.018152794
592.95597362
608.194467184
609.478943994
598.133781913
611.687283953
592.245850886
598.33490676
593.842734486
598.717359153
597.111169822
588.980642423
585.683632834
588.372903193
593.532125016
602.599872092
589.915266336
582.510480495
589.191782069
588.385265713
589.496850542
583.297087527
584.595256787
588.12693675
588.140211457
591.639983593
593.531637834
606.173398903
590.523086343
588.231736184
595.530164525
591.513533211
588.184665134
591.346091076
600.04160215
590.079179524
589.759885084
596.806282364
586.814217646
584.959565978
592.526505603
591.64557474
597.028058314
594.600434902
594.126143024
592.883817404
589.440152535
595.868288579
589.829837849
594.772294615
601.063978399
589.277003408
581.231736633
592.021984086
598.260734136
608.390238363
595.719789694
598.119141005
602.5943343
595.607725174
591.060710963
593.12654332
591.83515145
588.754459748
584.345322635
607.599790967
589.97449778
578.739982588
581.830458577
574.705459605
578.293928984
588.24846589
588.750032438
594.243525365
600.48182954
586.289983531
586.359865883
596.104871925
576.280214197
576.526271803
596.198509979
587.907864236
595.153111479
589.351427156
595.516406932
589.206269278
589.044818642
590.453941912
601.308491302
585.925601656
585.464933762
582.166319342
594.017589204
596.181593803
588.010207907
591.818040839
584.859506843
583.803736662
578.400513338
579.735304845
580.058332806
585.848169187
589.34102931
593.16841609
591.783717647
584.002472824
583.060862412
584.417350428
594.697114207
596.671857553
589.847385939
595.854454633
589.470470383
592.164807949
594.459710934
598.65127456
591.238706171
588.311928979
586.489626745
586.058781043
586.272600102
585.199239367
586.55528217
589.310116758
599.749583307
580.691103038
589.442947837
583.510984404
597.518383216
582.511827562
586.986924092
591.245537687
588.914349888
609.457375261
609.631291371
608.861135245
612.232564292
608.394366163
594.386768657
601.890658599
614.138644783
614.913839823
617.386780743
606.964133663
628.22782673
615.858363125
603.068500758
607.301676578
616.714796868
615.394736939
631.321767575
592.276416224
591.215509379
588.477619921
589.143865216
592.299186944
589.641959414
594.786075364
601.054626393
592.035242763
596.190538333
596.017790751
596.723664992
583.400344164
598.085772741
597.721084028
585.270301145
590.760364499
597.629372578
597.743488514
606.58002962
591.138426575
594.103369775
594.058783243
596.788789491
591.561438532
601.3124257
593.762660653
597.069567291
594.287067371
597.952720739
617.78732289
593.227728419
590.363543041
597.68755116
592.986762597
596.086572162
584.051813
598.184216024
589.32988001
586.1415145
588.741869894
586.176227248
575.272669643
578.783153648
575.423741663
591.992071872
582.977248283
579.559372353
586.466374362
586.965064883
591.241855698
583.077269254
575.617516291
577.284245976
582.806618837
580.243836182
582.260416805
592.864852485
583.029759027
578.25335442
579.289051946
579.153470487
582.159328682
591.242837975
586.791883057
579.750477549
593.913876734
585.953433793
591.062920974
589.981916997
592.618177028
584.742108888
585.047524671
578.236974552
597.309901583
580.608788576
582.058914608
581.495520961
586.026974818
575.453099161
582.994415478
581.972180406
592.920961828
591.127520794
587.485149632
581.718419152
584.625662324
588.4400236
587.710224266
590.367677174
582.159308748
581.44880561
587.773239365
599.541158735
583.069900316
599.029293782
588.400935629
595.420356877
597.690058171
594.3471294
578.927578639
591.206018554
583.724661092
598.193394443
601.788186268
582.210596197
592.038610759
580.14331506
582.458082205
588.146097729
595.728639141
590.522483974
577.791740658
586.307524605
592.793047946
592.976849001
587.432330964
590.502184002
589.889798628
594.187453502
587.668102568
587.387865179
590.188965907
585.786419232
580.177994545
582.860187731
584.117570724
595.421442419
584.319293039
586.154118316
589.186194696
594.840382551
586.742648016
599.081012668
599.430383102
596.716603572
584.806455641
591.931371748
589.07179304
594.875378629
594.30445771
591.63657316
592.003799177
592.056747217
591.198793128
610.689538104
605.193517232
608.867182567
595.131777791
595.991824394
605.433618553
602.451510828
598.585726569
585.849653456
596.576794482
595.414529418
588.091310724
589.849141193
595.742077493
591.705551105
590.155532987
596.817589112
598.218244327
591.421481934
601.29561788
601.493867311
583.826709249
597.722932445
597.273633649
596.196971841
603.552875294
597.797434772
588.931312064
584.663805304
592.2966121
583.494781339
589.616732901
588.302771141
589.957178671
592.615029126
591.174460786
592.127618644
589.01342397
600.342030229
590.333922881
590.506810857
603.680275677
613.598110522
617.383504715
591.988049573
587.11096688
605.222595653
601.190792045
615.222974166
606.23000447
617.457092296
596.485293031
616.467229504
592.915367576
602.523834525
614.429493805
621.813336867
622.915862544
609.131468624
622.254427419
607.755191047
611.663612998
605.488599481
602.150764181
603.451542555
594.966852088
604.48799967
599.049247394
604.381158497
604.618677714
600.268149217
602.481416797
612.524314993
606.271485673
594.141854262
599.896202834
594.09930668
592.433150898
606.749176432
603.725458551
599.049493804
597.244230514
597.207818071
583.375575622
600.709342377
596.337194636
600.179903277
592.858926964
591.449837052
594.921490494
597.579410254
598.473967435
580.268328525
595.562483549
583.869933101
599.668118902
593.527108455
601.829384256
602.530885711
596.825486476
592.272356529
611.7493207
598.31705288
597.132961252
592.857744894
600.737097784
602.765596434
606.556688297
602.583494379
602.269032952
597.761698592
592.276098294
596.622119615
591.455492713
601.840595125
595.393298744
588.764484917
606.961748901
593.991454719
587.910120453
594.894121316
599.752417671
601.260044255
597.695635949
599.837077572
587.013829882
584.258296939
587.631501812
600.696658683
591.718691619
603.319706217
597.201824123
597.590188876
603.740400325
590.101456229
597.38140021
601.181849496
600.861353158
596.089175055
586.694763281
599.508948575
594.66932821
599.274921587
605.793162882
602.497542091
602.579428445
596.962241645
598.72502997
602.656214223
596.982247646
598.119871187
598.561031337
591.591749977
600.183589568
593.314686417
594.581315991
598.594340469
594.146961061
591.546247353
598.609502597
587.118153792
597.201483517
587.937811975
581.445931414
591.471072206
584.622947051
591.571300044
589.598162383
590.764542323
587.065100034
587.478158767
584.061966099
591.472143702
596.801471865
599.793114293
587.593723223
584.215169002
584.780653619
588.62979327
591.144620858
578.488169515
581.629309168
590.417708986
593.414627693
580.265130287
598.151178851
590.423120059
604.165803683
598.406883666
588.914963146
608.406529133
587.554530697
588.610423395
594.140935453
591.057698126
593.189214685
583.972891853
591.778368603
593.014144519
590.60739173
601.118496327
586.280123288
580.865082933
584.558654441
593.274083735
582.194097952
598.65331685
600.131428235
599.699081711
594.62110184
595.204538645
591.927021122
601.903881115
588.514984992
590.31044863
594.530295225
586.11028097
597.093746396
596.110401085
589.72637101
596.87591785
608.648073946
606.174793222
598.169289513
586.60386921
590.688763677
585.750853741
588.0508423
587.931449335
594.335482581
592.822476669
590.995763005
598.982937966
583.608420139
581.234106253
576.611855671
576.952339859
581.633859774
582.983623143
586.035194602
587.128163931
584.639101153
584.136272248
585.024634444
589.183317784
588.618136362
610.906445693
589.371458869
607.3114419
595.882203222
604.450887606
594.949900651
594.31612795
600.015561333
614.431631985
599.605668202
606.000202071
612.11211416
605.217276491
617.701576113
605.133898304
619.215508422
615.983664066
622.250299247
605.706488972
595.414007649
600.465819916
600.612449197
591.297377228
599.329867927
599.552653122
616.72114399
595.13134296
594.768013673
597.21887754
602.496759942
595.270994453
601.045428048
595.250062224
601.026655295
597.826591523
598.505674236
599.397697039
599.55166256
610.538988516
593.264980689
601.47287332
609.20227847
593.279737784
600.874793447
605.326541855
620.011557191
610.543949554
608.634950635
599.640585662
605.558621804
605.074885262
611.529893588
609.210733459
620.503151043
606.9360646
610.340600412
598.615060188
602.81282356
602.750314961
592.811441188
599.841089135
590.369142822
606.819173268
599.439696781
604.235318013
593.930519325
598.935958062
607.289586404
599.342540223
598.368234647
592.009081764
585.662532623
596.041675404
597.5560039
603.233326182
606.9338822
608.313453945
604.20000767
599.887303148
608.373466729
595.938072834
594.720836814
595.121304836
606.159179525
595.367861904
604.260593916
614.764586602
602.653323881
597.187701581
602.703085662
609.893701834
608.070615574
598.355040284
591.719346988
593.791513908
599.610558588
598.095478512
604.251010354
600.706510197
596.596034927
601.038864574
599.965522073
595.063456046
591.912904433
595.908097231
607.184740705
599.852471023
598.517959229
603.049628219
604.643080453
612.774671199
649.845283428
631.658773918
624.090384958
615.593061634
624.082989994
632.760209492
621.659898199
611.710054999
619.352831836
623.567635156
609.748778166
620.797763471
607.151785161
625.530832132
629.347007379
619.185473115
628.559786336
623.019807075
612.432765674
626.303433176
629.067320738
632.648076577
638.677831655
640.050806374
637.893790993
634.958818837
619.506043557
621.335573109
627.387433663
622.677839534
635.815014574
646.349516128
650.843443232
631.108980321
626.354223808
646.794580064
652.333353514
647.663263921
646.011486243
644.823985391
636.671180733
634.153742891
620.387375747
631.704380235
644.974545751
637.376182142
639.503272066
641.056666789
646.698990119
643.386639914
647.318125482
638.999093106
647.934441009
647.349670501
643.027343374
659.135206746
663.089487253
642.763781035
655.812211172
641.409514068
662.358774878
649.621302286
664.220896593
637.094653858
657.433415498
648.844442547
652.368664125
633.235546171
637.757857757
639.798632681
638.093942533
634.224867736
640.268086272
638.114169705
627.804578385
643.105030615
