1.9893199099799999 995
4.9184034351404 14173
7.8474869603008 123393
10.7765704854612 256013
13.7056540106216 214187
16.634737535782 362305
19.5638210609424 261642
22.4929045861028 259100
25.4219881112632 265159
28.3510716364236 264598
31.280155161584002 257302
34.2092386867444 232661
37.13832221190479 190746
40.067405737065194 165804
42.996489262225595 152714
45.925572787385995 135024
48.854656312546396 115949
51.7837398377068 98202
54.7128233628672 88474
57.6419068880276 83657
60.570990413188 78162
63.50007393834839 70531
66.4291574635088 59842
69.3582409886692 51211
72.28732451382959 40081
75.21640803899 29713
78.14549156415039 22753
81.0745750893108 17794
84.00365861447119 13387
86.9327421396316 9992
89.861825664792 7434
92.7909091899524 5971
95.7199927151128 5216
98.64907624027319 4679
101.5781597654336 4383
104.50724329059399 4425
107.4363268157544 4855
110.36541034091479 4859
113.2944938660752 4567
116.2235773912356 3855
119.152660916396 2908
122.0817444415564 2150
125.01082796671679 1211
127.9399114918772 643
130.8689950170376 326
133.798078542198 123
136.7271620673584 43
139.6562455925188 17
142.58532911767918 9
145.5144126428396 8
