762.930918021 2
764.38522842938 1
765.8395388377601 4
767.29384924614 8
768.74815965452 3
770.2024700629 4
771.6567804712801 12
773.11109087966 13
774.56540128804 10
776.01971169642 24
777.4740221048 23
778.9283325131801 28
780.38264292156 40
781.83695332994 56
783.29126373832 64
784.7455741467 81
786.19988455508 102
787.65419496346 98
789.10850537184 123
790.56281578022 128
792.0171261886001 160
793.47143659698 184
794.92574700536 200
796.38005741374 213
797.83436782212 248
799.2886782305 252
800.74298863888 272
802.19729904726 284
803.65160945564 284
805.10591986402 291
806.5602302724 316
808.01454068078 279
809.46885108916 310
810.92316149754 300
812.37747190592 323
813.8317823143 345
815.28609272268 348
816.74040313106 376
818.19471353944 347
819.64902394782 360
821.1033343562 363
822.55764476458 383
824.01195517296 383
825.4662655813399 386
826.92057598972 355
828.3748863981 369
829.82919680648 410
831.28350721486 355
832.73781762324 385
834.19212803162 386
835.64643844 389
837.10074884838 346
838.5550592567599 337
840.00936966514 315
841.46368007352 333
842.9179904819 281
844.37230089028 296
845.8266112986599 254
847.28092170704 226
848.73523211542 262
850.1895425238 217
851.6438529321799 212
853.09816334056 179
854.55247374894 147
856.00678415732 171
857.4610945657 148
858.9154049740799 140
860.36971538246 123
861.82402579084 105
863.27833619922 115
864.7326466075999 93
866.1869570159799 106
867.64126742436 76
869.09557783274 78
870.54988824112 60
872.0041986495 43
873.45850905788 37
874.91281946626 48
876.36712987464 31
877.82144028302 24
879.2757506913999 31
880.73006109978 27
882.18437150816 21
883.63868191654 15
885.09299232492 14
886.5473027333 11
888.00161314168 13
889.45592355006 7
890.91023395844 9
892.3645443668199 2
893.8188547752 4
895.27316518358 0
896.72747559196 1
898.18178600034 3
899.6360964087199 0
901.0904068171 2
902.54471722548 1
903.9990276338599 0
905.4533380422399 0
906.90764845062 1
