0.8073447942733765 0.0 1.0 0.0
3.3073447942733765 0.0 1.0 0.0
5.8073447942733765 0.0 1.0 0.0
8.307344794273376 0.0 1.0 0.0
10.807344794273376 4.649807028497687e-226 0.18532296378 6.93356445215
13.307344794273376 0.0 0.276861823008 20.6840228008
15.807344794273376 0.0 0.346470863444 55.0618353945
18.307344794273376 0.0 0.414910565147 82.0727357579
20.807344794273376 0.0 0.275036470505 89.5229840995
23.307344794273376 9.356743291042821e-271 0.20955565823 97.6232541085
25.807344794273376 6.648814688674878e-261 0.20357780103 98.4199473316
28.307344794273376 4.2009833583192553e-106 0.130463832517 98.4332811094
30.807344794273376 3.603844994309514e-161 0.158193398512 99.6966565552
33.30734479427338 8.80987560823178e-101 0.123933557693 99.7333244441
35.80734479427338 1.1404664053857118e-93 0.119447648285 99.9666655555
38.30734479427338 2.100000851043785e-36 0.0740062448085 100.0
40.80734479427338 1.510066998586426e-05 0.0249836025495 99.9599986666
43.30734479427338 1.0 0.0 99.9899996667
45.80734479427338 1.0 0.0 100.0
48.30734479427338 1.0 0.0 100.0
50.80734479427338 1.0 0.0 100.0
53.30734479427338 1.0 0.0 100.0
55.80734479427338 1.0 0.0 100.0
