0.9917612075805664 0.0 1.0 0.0
3.4917612075805664 0.0 1.0 0.0
5.991761207580566 0.0 1.0 0.0
8.491761207580566 0.0 1.0 0.0
10.991761207580566 0.0 0.320996521069 21.4673822461
13.491761207580566 0.0 0.351466426048 70.0723357445
15.991761207580566 0.0 0.309273106712 91.0130337678
18.491761207580566 1.187308630643511e-218 0.185970877319 94.5964865496
20.991761207580566 3.0559405574864675e-33 0.0693551610806 97.5699189973
23.491761207580566 1.0 0.0 99.5133171106
25.991761207580566 1.0 0.0 99.776659222
28.491761207580566 1.0 0.0 99.7899929998
30.991761207580566 1.0 0.0 99.8766625554
33.491761207580566 1.0 0.0 99.9566652222
35.991761207580566 1.0 0.0 99.9566652222
38.491761207580566 1.0 0.0 99.9566652222
40.991761207580566 1.0 0.0 99.9766658889
43.491761207580566 1.0 0.0 99.9966665556
45.991761207580566 1.0 0.0 100.0
48.491761207580566 1.0 0.0 100.0
50.991761207580566 1.0 0.0 100.0
53.491761207580566 1.0 0.0 100.0
55.991761207580566 1.0 0.0 100.0
