0.54272954755 682
2.5274129768350004 105949
4.51209640612 232819
6.496779835405 213276
8.481463264690001 935106
10.466146693975 2252136
12.450830123260001 2108239
14.435513552545 2282463
16.420196981830003 1969390
18.404880411115002 1430389
20.3895638404 1627440
22.374247269685 1525676
24.358930698970003 607329
26.343614128255002 598684
28.32829755754 438155
30.312980986825004 292255
32.29766441611 159901
34.28234784539501 149707
36.26703127468001 142266
38.25171470396501 133465
40.236398133250006 124930
42.221081562535005 123612
44.205764991820004 219292
46.19044842110501 102498
48.17513185039001 85279
50.15981527967501 67988
52.14449870896001 50892
54.12918213824501 37687
56.113865567530006 28321
58.09854899681501 20439
60.08323242610001 15187
62.06791585538501 12623
64.05259928467001 12129
66.03728271395501 12278
68.02196614324001 12588
70.006649572525 11854
71.99133300181 10484
73.976016431095 8802
75.96069986038 6734
77.945383289665 5120
79.93006671895 3479
81.914750148235 2076
83.89943357752 1166
85.884117006805 695
87.86880043609 380
89.85348386537501 172
91.83816729466001 80
93.82285072394501 30
95.80753415323001 12
97.79221758251501 10
