1105.49090331 2
1106.8903285528 2
1108.2897537956 1
1109.6891790384 3
1111.0886042812 3
1112.488029524 16
1113.8874547668 22
1115.2868800096 17
1116.6863052524 26
1118.0857304952 52
1119.485155738 62
1120.8845809808001 79
1122.2840062236 95
1123.6834314664 87
1125.0828567092 123
1126.482281952 159
1127.8817071948001 190
1129.2811324376 202
1130.6805576804 213
1132.0799829232 227
1133.479408166 253
1134.8788334088001 252
1136.2782586516 267
1137.6776838944 281
1139.0771091372 326
1140.47653438 291
1141.8759596228 326
1143.2753848656 311
1144.6748101084 306
1146.0742353512 273
1147.473660594 294
1148.8730858368 288
1150.2725110796 287
1151.6719363224001 290
1153.0713615652 301
1154.470786808 313
1155.8702120508 314
1157.2696372936 291
1158.6690625364001 294
1160.0684877792 291
1161.467913022 292
1162.8673382648 299
1164.2667635076 283
1165.6661887504001 295
1167.0656139932 301
1168.465039236 275
1169.8644644788 304
1171.2638897216 262
1172.6633149644001 282
1174.0627402072 303
1175.4621654500002 292
1176.8615906928 276
1178.2610159356 284
1179.6604411784 271
1181.0598664212 271
1182.4592916640001 243
1183.8587169068 244
1185.2581421496 248
1186.6575673924 216
1188.0569926352 212
1189.4564178780001 210
1190.8558431208 203
1192.2552683636 210
1193.6546936064 191
1195.0541188492 160
1196.4535440920001 162
1197.8529693348 130
1199.2523945776002 162
1200.6518198204 155
1202.0512450632 142
1203.4506703060001 149
1204.8500955488 138
1206.2495207916 125
1207.6489460344 97
1209.0483712772 117
1210.44779652 127
1211.8472217628 80
1213.2466470056002 87
1214.6460722484 97
1216.0454974912 80
1217.444922734 50
1218.8443479768 57
1220.2437732196001 55
1221.6431984624 38
1223.0426237052 52
1224.442048948 32
1225.8414741908 25
1227.2408994336001 24
1228.6403246764 7
1230.0397499192 26
1231.439175162 13
1232.8386004048 10
1234.2380256476001 9
1235.6374508904 8
1237.0368761332002 0
1238.436301376 4
1239.8357266188 1
1241.2351518616001 5
1242.6345771044 4
1244.0340023472002 1
