228.002687718 1
228.87755649581 2
229.75242527362 1
230.62729405143 5
231.50216282924 7
232.37703160705001 6
233.25190038486 11
234.12676916267 8
235.00163794048 22
235.87650671829002 17
236.7513754961 32
237.62624427391 26
238.50111305172 30
239.37598182953002 48
240.25085060734 52
241.12571938515 68
242.00058816296 64
242.87545694077002 84
243.75032571858 118
244.62519449639 114
245.50006327420002 110
246.37493205201002 127
247.24980082982 133
248.12466960763 139
248.99953838544002 153
249.87440716325 194
250.74927594106 205
251.62414471887 206
252.49901349668002 224
253.37388227449 229
254.2487510523 257
255.12361983011002 229
255.99848860792002 281
256.87335738573 264
257.74822616354004 297
258.62309494135 275
259.49796371916 314
260.37283249697003 321
261.24770127478 353
262.12257005259 337
262.99743883040003 334
263.87230760821 356
264.74717638602 355
265.62204516383 428
266.49691394164 402
267.37178271945004 459
268.24665149726 442
269.12152027507 415
269.99638905288003 406
270.87125783069 462
271.74612660850005 430
272.62099538631 441
273.49586416412 420
274.37073294193004 446
275.24560171974 443
276.12047049755 431
276.99533927536004 419
277.87020805317 377
278.74507683098 385
279.61994560879003 350
280.4948143866 369
281.36968316441005 368
282.24455194222 309
283.11942072003 344
283.99428949784004 320
284.86915827565 305
285.74402705346 318
286.61889583127004 262
287.49376460908 270
288.36863338689 251
289.24350216470003 218
290.11837094251 221
290.99323972032005 188
291.86810849813 180
292.74297727594 172
293.61784605375004 162
294.49271483156 133
295.36758360937006 124
296.24245238718004 84
297.11732116499 91
297.9921899428 87
298.86705872061003 93
299.74192749842 65
300.61679627623005 74
301.49166505404 52
302.36653383185 57
303.24140260966004 42
304.11627138747 41
304.99114016528006 34
305.86600894309004 17
306.7408777209 19
307.61574649871 18
308.49061527652003 8
309.36548405433 12
310.24035283214005 4
311.11522160995 5
311.99009038776 6
312.86495916557004 4
313.73982794338 1
314.61469672119006 2
