1.164387822151184 0.0 1.0 0.0
3.664387822151184 0.0 1.0 0.0
6.164387822151184 0.0 1.0 0.0
8.664387822151184 0.0 1.0 0.0
11.164387822151184 0.0 1.0 0.0
13.664387822151184 0.0 1.0 0.0
16.164387822151184 1.0 0.0 0.5400180006
18.664387822151184 1.1836980805971553e-91 0.119651670928 3.57345244841
21.164387822151184 4.913804772283757e-292 0.215451536712 10.5536851228
23.664387822151184 0.0 0.435327288226 40.114670489
26.164387822151184 0.0 0.451920735813 64.0354678489
28.664387822151184 0.0 0.408305753908 78.2159405314
31.164387822151184 0.0 0.454926051246 91.5163838795
33.664387822151184 0.0 0.340605899301 98.9132971099
36.164387822151184 0.0 0.283687554773 99.1999733324
38.664387822151184 3.672751627639204e-293 0.216608040153 99.0466348878
41.164387822151184 2.414118564650902e-71 0.107803403293 99.7933264442
43.664387822151184 3.362317215710353e-46 0.0845271060742 98.8366278876
46.164387822151184 3.5275033493417607e-47 0.0854156650511 99.9066635555
48.664387822151184 0.05004460129987201 0.0141302051802 99.9833327778
51.164387822151184 6.106025262860377e-10 0.0357251208134 100.0
53.664387822151184 1.1049162009913498e-15 0.0462731142074 100.0
56.164387822151184 1.0 0.0 99.9733324444
58.664387822151184 1.0 0.0 100.0
61.164387822151184 1.0 0.0 100.0
63.664387822151184 1.0 0.0 100.0
66.16438782215118 1.0 0.0 100.0
68.66438782215118 1.0 0.0 100.0
71.16438782215118 1.0 0.0 100.0
