0.142893618682 172
2.6712722987083604 963
5.19965097873472 2196
7.72802965876108 5057
10.256408338787441 76358
12.784787018813802 36862
15.31316569884016 62906
17.84154437886652 106284
20.36992305889288 161563
22.89830173891924 207547
25.4266804189456 232706
27.95505909897196 251899
30.48343777899832 209971
33.011816459024686 158865
35.54019513905104 125908
38.06857381907741 92347
40.596952499103764 61385
43.12533117913012 46948
45.653709859156486 40631
48.18208853918284 37774
50.71046721920921 36104
53.238845899235564 32704
55.76722457926193 25876
58.295603259288285 19532
60.82398193931464 14599
63.352360619341006 11052
65.88073929936736 7223
68.40911797939371 4401
70.93749665942008 3026
73.46587533944644 3190
75.9942540194728 3798
78.52263269949916 4623
81.05101137952552 5784
83.57939005955188 6977
86.10776873957823 7542
88.6361474196046 7479
91.16452609963096 6764
93.69290477965733 5329
96.22128345968368 3899
98.74966213971004 2538
101.2780408197364 1310
103.80641949976275 617
106.33479817978912 318
108.86317685981548 195
111.39155553984185 75
113.9199342198682 37
116.44831289989456 24
118.97669157992092 10
121.50507025994727 7
124.03344893997364 3
