0.489146851581 276
2.72431470930938 2806
4.959482567037759 17551
7.194650424766139 85405
9.429818282494518 193681
11.664986140222897 302218
13.900153997951277 349848
16.135321855679656 374493
18.370489713408038 403188
20.605657571136415 424145
22.840825428864797 338342
25.075993286593178 262458
27.311161144321556 227640
29.546329002049934 215838
31.781496859778315 211043
34.01666471750669 202386
36.25183257523507 187992
38.48700043296345 166342
40.722168290691826 146246
42.95733614842021 129553
45.19250400614859 114966
47.42767186387697 99795
49.66283972160535 86077
51.89800757933373 78806
54.13317543706211 70651
56.368343294790485 56093
58.60351115251886 43367
60.83867901024725 34520
63.073846867975625 28889
65.309014725704 24107
67.54418258343239 20063
69.77935044116076 17146
72.01451829888914 14522
74.24968615661753 12989
76.4848540143459 11027
78.72002187207428 8906
80.95518972980265 6572
83.19035758753104 4244
85.42552544525942 2180
87.6606933029878 846
89.89586116071618 345
92.13102901844456 128
94.36619687617294 84
96.60136473390132 44
98.8365325916297 24
101.07170044935808 19
103.30686830708646 6
105.54203616481483 10
107.77720402254322 3
110.0123718802716 2
