0.0 54849
2.24495079476 2227
4.48990158952 127153
6.73485238428 198731
8.97980317904 720638
11.224753973799999 830095
13.46970476856 699070
15.71465556332 809062
17.95960635808 849745
20.20455715284 831164
22.449507947599997 735870
24.69445874236 443094
26.93940953712 358659
29.184360331879997 263046
31.42931112664 252252
33.674261921399996 241081
35.91921271616 223107
38.16416351092 199263
40.40911430568 176408
42.65406510043999 156295
44.899015895199994 139137
47.143966689959996 122360
49.38891748472 107376
51.63386827948 99403
53.87881907424 93419
56.12376986899999 81372
58.368720663759994 68031
60.613671458519995 58658
62.85862225328 50521
65.10357304803999 41507
67.34852384279999 32866
69.59347463755999 26238
71.83842543232 21274
74.08337622708 19076
76.32832702184 16844
78.5732778166 14359
80.81822861136 10780
83.06317940612 7020
85.30813020087999 3949
87.55308099563999 2068
89.79803179039999 1088
92.04298258515999 443
94.28793337991999 181
96.53288417467999 77
98.77783496944 35
101.0227857642 21
103.26773655896 9
105.51268735372 10
107.75763814848 3
110.00258894323999 2
