5.704413711749999 45
7.6606455073549995 157
9.616877302959999 571
11.573109098565 103187
13.529340894170002 9792
15.485572689775001 27741
17.44180448538 63179
19.398036280985004 117486
21.354268076590003 183315
23.310499872195003 243517
25.266731667800002 297730
27.222963463405005 334512
29.179195259010005 346598
31.135427054615004 359468
33.09165885022001 383405
35.04789064582501 400076
37.004122441430006 398542
38.960354237035006 384853
40.916586032640005 373712
42.872817828245005 372665
44.829049623850004 376456
46.78528141945501 365346
48.74151321506001 337048
50.69774501066501 298366
52.65397680627001 264069
54.61020860187501 237274
56.56644039748001 207021
58.52267219308501 180647
60.478903988690014 156905
62.435135784295014 133270
64.3913675799 103833
66.34759937550501 79232
68.30383117111 61805
70.26006296671501 48297
72.21629476232 37286
74.17252655792501 30412
76.12875835353 22688
78.08499014913501 17061
80.04122194474 12795
81.99745374034501 9274
83.95368553595 6025
85.90991733155501 3328
87.86614912716001 1683
89.822380922765 892
91.77861271837001 614
93.734844513975 282
95.69107630958001 190
97.647308105185 66
99.60353990079001 28
101.55977169639502 4
