2.94117677352 33
4.952673307889601 519
6.964169842259201 2948
8.975666376628801 110539
10.987162910998402 430856
12.998659445368002 458929
15.010155979737602 107117
17.021652514107203 180465
19.0331490484768 267471
21.0446455828464 546880
23.056142117216 405896
25.067638651585604 652346
27.079135185955202 500627
29.0906317203248 506761
31.102128254694403 483415
33.113624789064005 491288
35.1251213234336 504318
37.1366178578032 492409
39.1481143921728 456235
41.159610926542406 426042
43.171107460912005 418511
45.1826039952816 416661
47.19410052965121 397444
49.20559706402081 362510
51.217093598390406 323475
53.228590132760004 291077
55.2400866671296 256205
57.25158320149921 217660
59.26307973586881 185729
61.274576270238406 161112
63.28607280460801 131830
65.29756933897761 101210
67.30906587334721 77122
69.3205624077168 58622
71.3320589420864 44257
73.343555476456 34937
75.3550520108256 26129
77.36654854519522 19496
79.37804507956481 14571
81.38954161393441 10592
83.40103814830401 7037
85.41253468267361 3996
87.42403121704321 1999
89.4355277514128 1042
91.44702428578242 657
93.45852082015202 325
95.47001735452162 206
97.48151388889121 72
99.49301042326081 30
101.50450695763041 4
