0.39487781131899996 1658
2.44317270229262 21269
4.49146759326624 905281
6.539762484239859 642439
8.58805737521348 1425417
10.636352266187101 3145722
12.68464715716072 3103528
14.73294204813434 2785295
16.78123693910796 2774621
18.829531830081578 2432669
20.8778267210552 2005641
22.92612161202882 1363413
24.974416503002438 462246
27.02271139397606 251584
29.07100628494968 161750
31.1193011759233 126757
33.16759606689692 95059
35.21589095787054 77087
37.26418584884416 76941
39.31248073981778 84948
41.3607756307914 100268
43.40907052176502 123279
45.45736541273864 133675
47.50566030371226 142237
49.55395519468588 145437
51.6022500856595 139966
53.65054497663312 133218
55.69883986760674 126297
57.74713475858036 117280
59.79542964955398 103089
61.8437245405276 84362
63.89201943150122 65229
65.94031432247485 50841
67.98860921344847 41401
70.03690410442209 35205
72.08519899539571 29918
74.13349388636932 23144
76.18178877734294 16680
78.23008366831657 10439
80.27837855929019 6128
82.32667345026381 3330
84.37496834123743 1474
86.42326323221104 485
88.47155812318466 93
90.51985301415829 24
92.56814790513191 8
94.61644279610553 21
96.66473768707915 9
98.71303257805276 7
100.76132746902638 3
