1.38072944389 2797
4.5834069412122 44451
7.786084438534401 267413
10.988761935856601 389467
14.1914394331788 445100
17.394116930501003 758119
20.596794427823202 565185
23.799471925145404 558681
27.002149422467603 515219
30.204826919789802 503438
33.407504417112 535249
36.6101819144342 603657
39.8128594117564 492956
43.0155369090786 466712
46.218214406400804 405888
49.420891903723 360038
52.6235694010452 284681
55.8262468983674 234000
59.0289243956896 194592
62.231601893011806 160677
65.43427939033401 135779
68.63695688765621 111619
71.83963438497841 93667
75.04231188230061 80305
78.24498937962281 66705
81.44766687694501 48234
84.6503443742672 35375
87.85302187158942 27509
91.05569936891162 22690
94.25837686623382 18592
97.46105436355602 16019
100.66373186087822 12969
103.86640935820041 10069
107.06908685552261 7645
110.27176435284481 5442
113.47444185016701 3874
116.67711934748921 2646
119.87979684481141 1603
123.08247434213362 880
126.28515183945582 534
129.48782933677802 403
132.6905068341002 208
135.89318433142242 87
139.09586182874463 73
142.29853932606682 90
145.50121682338903 113
148.7038943207112 111
151.90657181803343 73
155.1092493153556 32
158.31192681267783 4
