0.54272954755 3976
3.762167042799 380987
6.981604538048 1122566
10.201042033297 3946825
13.420479528546 3964035
16.639917023795 3617723
19.859354519044 2967375
23.078792014293 2191484
26.298229509542 1481023
29.517667004791 924771
32.737104500040004 779259
35.95654199528901 748490
39.175979490538005 798174
42.395416985787 777865
45.614854481036005 585924
48.83429197628501 491812
52.053729471534005 374874
55.273166966783 289923
58.492604462032006 230360
61.71204195728101 187239
64.93147945253 159440
68.150916947779 135815
71.370354443028 113395
74.589791938277 94714
77.809229433526 76872
81.028666928775 54350
84.24810442402399 38283
87.467541919273 28981
90.686979414522 23451
93.906416909771 19142
97.12585440502001 16377
100.345291900269 13349
103.564729395518 10340
106.784166890767 7945
110.003604386016 5618
113.223041881265 3978
116.442479376514 2755
119.661916871763 1647
122.88135436701201 940
126.100791862261 544
129.32022935751002 397
132.539666852759 232
135.759104348008 86
138.978541843257 74
142.19797933850603 88
145.41741683375503 114
148.63685432900402 111
151.85629182425302 75
155.07572931950202 32
158.295166814751 4
