0.9939010143280029 0.0 1.0 0.0
3.493901014328003 0.0 1.0 0.0
5.993901014328003 0.0 1.0 0.0
8.493901014328003 1.7052367850838425e-70 0.102484842617 1.70672355745
10.993901014328003 0.0 0.229435107793 28.094269809
13.493901014328003 0.0 0.324269248298 58.8686289543
15.993901014328003 2.164558703297118e-279 0.214783210613 73.8224607487
18.493901014328003 0.0 0.295461090969 84.9861662055
20.993901014328003 0.0 0.27655956174 92.3330777693
23.493901014328003 0.0 0.223476500116 94.5131504383
25.993901014328003 1.3965799555769076e-191 0.175717226402 98.7899596653
28.493901014328003 5.76085119837789e-74 0.109035604315 99.4299809994
30.993901014328003 5.644182817628267e-50 0.0879029485875 99.4966498883
33.493901014328 7.788055723697392e-81 0.110894228902 99.8299943331
35.993901014328 8.50584465331304e-89 0.116274410946 99.8666622221
38.493901014328 5.336346654093026e-28 0.0647044226532 100.0
40.993901014328 1.178010060694202e-49 0.085533848057 99.8299943331
43.493901014328 0.00012997170692715827 0.0220927467455 100.0
45.993901014328 1.0 0.0 99.9933331111
48.493901014328 1.0 0.0 100.0
50.993901014328 1.0 0.0 100.0
53.493901014328 1.0 0.0 100.0
55.993901014328 1.0 0.0 100.0
58.493901014328 1.0 0.0 100.0
