647.896036633 2
649.44020696056 1
650.98437728812 2
652.5285476156799 1
654.07271794324 6
655.6168882708 5
657.16105859836 8
658.70522892592 4
660.24939925348 8
661.79356958104 14
663.3377399086 32
664.88191023616 34
666.42608056372 36
667.97025089128 60
669.51442121884 70
671.0585915464 75
672.6027618739599 103
674.14693220152 111
675.69110252908 159
677.23527285664 197
678.7794431842 223
680.32361351176 257
681.8677838393199 243
683.4119541668799 320
684.95612449444 290
686.500294822 316
688.04446514956 358
689.58863547712 387
691.13280580468 354
692.6769761322399 401
694.2211464597999 395
695.76531678736 380
697.30948711492 387
698.85365744248 393
700.39782777004 418
701.9419980975999 348
703.4861684251599 419
705.03033875272 348
706.57450908028 349
708.11867940784 349
709.6628497354 347
711.2070200629599 315
712.7511903905199 337
714.29536071808 289
715.83953104564 310
717.3837013732 310
718.92787170076 271
720.47204202832 282
722.0162123558799 259
723.5603826834399 238
725.104553011 237
726.64872333856 234
728.19289366612 185
729.73706399368 186
731.2812343212399 181
732.8254046487999 181
734.3695749763599 134
735.91374530392 142
737.45791563148 148
739.00208595904 112
740.5462562865999 92
742.0904266141599 99
743.6345969417199 79
745.1787672692799 64
746.72293759684 70
748.2671079244 70
749.81127825196 47
751.3554485795199 58
752.8996189070799 51
754.4437892346399 46
755.9879595621999 27
757.53212988976 31
759.07630021732 36
760.6204705448799 28
762.1646408724399 19
763.7088111999999 20
765.2529815275599 11
766.79715185512 19
768.34132218268 17
769.8854925102399 13
771.4296628377999 13
772.9738331653599 8
774.5180034929199 13
776.06217382048 10
777.60634414804 5
779.1505144756 4
780.6946848031599 2
782.2388551307199 5
783.7830254582799 5
785.3271957858399 2
786.8713661134 2
788.41553644096 0
789.9597067685199 1
791.5038770960799 2
793.0480474236399 0
794.5922177511999 0
796.1363880787599 1
797.68055840632 1
799.2247287338799 1
800.7688990614399 1
