233.621340457 5
234.43148507194 1
235.24162968688 2
236.05177430182 7
236.86191891676 6
237.6720635317 10
238.48220814664 9
239.29235276158 25
240.10249737652 23
240.91264199146 29
241.7227866064 44
242.53293122134 59
243.34307583628 70
244.15322045122 66
244.96336506616 68
245.7735096811 104
246.58365429603998 93
247.39379891098 99
248.20394352591998 118
249.01408814086 139
249.82423275579998 137
250.63437737074 154
251.44452198567998 157
252.25466660062 149
253.06481121555998 170
253.8749558305 188
254.68510044543999 192
255.49524506038 185
256.30538967532 177
257.11553429026 205
257.9256789052 218
258.73582352014 230
259.54596813508 257
260.35611275002 216
261.16625736495996 214
261.9764019799 203
262.78654659484 214
263.59669120978 239
264.40683582471996 218
265.21698043966 191
266.0271250546 223
266.83726966954 231
267.64741428447996 259
268.45755889942 205
269.26770351436 235
270.0778481293 213
270.88799274423997 224
271.69813735918 214
272.50828197412 222
273.31842658906 226
274.12857120399997 249
274.93871581893995 212
275.74886043388 209
276.55900504882 210
277.36914966375997 188
278.17929427869996 181
278.98943889364 203
279.79958350858 185
280.60972812352 185
281.41987273845996 152
282.23001735339994 136
283.04016196834 124
283.85030658328 146
284.66045119821996 162
285.47059581316 147
286.2807404281 111
287.09088504304 121
287.90102965797996 118
288.71117427291995 94
289.52131888786 90
290.3314635028 102
291.14160811773996 70
291.95175273267995 65
292.76189734762 68
293.57204196256 63
294.38218657749997 43
295.19233119243995 31
296.00247580737994 51
296.81262042232 31
297.62276503725997 36
298.43290965219995 30
299.24305426714 19
300.05319888208 15
300.86334349701997 18
301.67348811195995 15
302.48363272689994 15
303.29377734184 17
304.10392195677997 8
304.91406657171996 10
305.72421118665994 6
306.5343558016 9
307.34450041654 2
308.15464503147996 4
308.96478964641994 4
309.77493426135993 3
310.5850788763 1
311.39522349123996 0
312.20536810617995 0
313.01551272112 1
313.82565733606 1
